461181.809276
-496891.789872
-104000.540838
-70349.801252
-10706.626941
-1632.182915
37634.657380
-5309.072985
-33479.109922
31513.064063
9900.181618
-7546.572464
32855.861648
-15657.809635
12766.719471
6844.525002
-128.788282
20610.263256
58194.515931
87374.734114
32532.899925
-30164.377922
6463.794366
-10694.779792
21340.732843
38544.687371
-48381.956678
-109158.574762
-78494.252672
-72607.440626
27431.242115
-9778.046019
-67791.896493
30131.139185
6688.561685
2641.937738
8106.245469
368.077792
23021.945534
-32494.082496
26912.655559
60889.215944
27730.438976
30290.105408
67401.642552
37989.921351
30328.153541
35725.685389
-7629.543226
-39705.909451
-91651.636162
-2144.012997
40774.006464
-19001.313939
-17094.037479
-90941.490076
-64766.246193
-10837.697693
-6205.500654
33746.017659
5470.071042
-3947.583413
-27430.752640
4954.392338
27812.430038
7559.560574
48082.495794
40881.374247
36654.957313
-9991.048856
-24522.053316
18122.066676
14939.889080
-7604.738093
-16340.810499
4300.339192
9934.551616
10129.161047
-8978.352269
17034.860040
-16710.742949
-17547.611702
-30032.908382
-39895.584205
-51137.048641
6112.085092
32084.902003
1803.229352
-32634.151036
34129.439439
55108.305375
-10446.059477
4505.428898
19776.256647
20502.313450
-25199.565112
-4686.371017
66028.344993
9498.263788
-72356.943228
-47623.148480
-2924.164338
-20688.582075
-27244.050053
39940.273397
58438.504636
16288.660707
-44939.869691
-5271.140570
48974.164297
22344.892835
7137.306770
6918.601484
9091.452646
-24513.166419
-47881.333627
-26557.839253
-16941.139710
-6692.147439
17158.508748
7790.122012
-31703.530593
-20495.183205
20275.633801
13870.253151
14623.885502
14178.933276
14416.749283
-2399.470827
26053.668251
39556.030291
14646.698043
-5273.850786
-17821.728973
-8089.818498
-12000.562975
-14069.808615
-21343.498868
-2755.943789
-12617.817908
-16452.105293
3428.896046
5707.076766
-19074.604244
-15718.472236
10276.261882
4822.601130
-8617.880146
6381.275740
39243.434234
22253.289199
-10983.172193
19392.458528
11625.569157
-30566.220857
-34275.679713
2130.485163
-4531.923073
-22537.613326
50961.736021
101403.822664
33707.835141
-8400.675769
-17009.673556
-36223.650075
-65632.714048
-49800.899439
6337.188808
409.058591
-40018.101116
-18662.888375
14963.539588
13207.007759
5753.066934
3184.722209
36425.418368
41049.520279
21175.616047
1820.773789
-9254.233600
-29492.681348
-22503.421349
-1134.038242
-3702.057443
-5993.923656
17711.187709
32403.960229
5672.989737
10306.330073
37745.369424
25255.065344
-36460.295918
-24815.815123
14857.959830
969.521771
-32135.473066
-37827.272972
-23619.436604
-35685.671305
-29301.075704
19368.673954
23410.182568
5701.163491
-6351.290115
21446.606457
15121.596190
-7809.909718
13679.542728
29180.996067
17000.607159
12634.346205
28163.375812
20820.063279
-5235.763302
-23125.229585
-13441.300477
-7807.484687
-27553.995851
-22486.928115
-17743.009991
-25719.967516
-6609.046270
22369.812300
20395.149677
10473.216883
17058.092259
10687.206186
-9395.328650
-11732.421681
2888.546755
16766.137683
-14138.488020
-24740.993938
2561.858392
4235.526916
-2969.048436
3033.205760
10843.494740
-1911.849557
-743.036289
-3061.492281
-8590.126936
-2547.000999
5570.020648
13664.078748
6001.716910
10065.000525
27377.920996
11466.271716
-19427.450879
-6962.758137
14690.093991
-9544.581780
-31649.033487
-18312.764503
14076.243613
-5424.017731
-22283.802929
-1339.527853
-4685.609846
-16518.531900
-12738.956990
18793.807206
35353.317483
-1280.040968
1342.516245
30376.504025
11906.783884
-5436.899872
16376.709653
25266.820389
-2767.428577
-26096.745292
-18543.108324
2386.641535
-13928.439900
-18156.259105
-5799.293821
-25773.414291
-19649.283239
1144.573311
5224.815416
-7203.247686
19077.040658
34652.391975
13963.897937
-563.866738
17479.686036
37015.585519
6395.362544
-20229.324519
3873.662186
-5509.855155
-30774.943883
-25388.054799
6409.622975
13273.351007
-14332.779552
-15170.801762
11387.619161
-6981.965793
-9063.766955
2628.221115
3786.082235
-868.535202
-10366.224032
3206.871700
17059.403897
-1597.040866
12135.437109
33574.899717
9549.450636
-23584.992538
-17879.619983
-15885.714649
-8725.019535
15624.923502
23264.529876
9444.132498
-4803.341500
5999.760899
10091.106721
-20621.713161
-31882.190777
-1464.710090
8508.677277
4226.491786
3846.285824
17482.881397
5962.270826
-17771.866460
-3181.350226
-1082.750875
-12777.053632
-11956.954068
3882.153021
-2395.935459
-12186.137308
-6329.699796
8616.983942
7548.089820
-6124.288486
11612.806647
35860.298606
19562.110239
8209.854196
13746.609664
-6232.269454
-17289.570095
-1302.692310
1301.891191
-9926.281363
-16613.532630
-6159.085873
-10021.455490
-21883.678718
-13933.847750
8627.207894
8799.711516
-3652.279008
3675.393660
4775.191542
3055.857166
12301.240731
15185.661759
8301.612979
3347.106578
6653.155104
8094.977076
-6882.142640
-7670.527851
5829.783069
-8876.638485
-24094.170208
-22479.054583
-12461.409666
3128.999515
696.168045
6646.785599
27369.312556
21050.702656
-758.200325
2064.281795
-2016.692948
-9889.069185
-2946.583376
14045.444156
13144.739700
-3710.066554
-7068.323049
-493.647965
-8314.943267
-12233.809474
-12374.738661
-9454.205498
-12070.205023
-9892.565998
5833.939381
10161.047262
10425.920373
19577.412937
16566.284201
-681.917623
-7758.821743
350.019794
181.027024
3340.321114
3925.368200
5200.822867
-3673.477382
-13923.247069
-6475.590914
-1642.891596
-9823.086736
-11214.036982
6120.170420
11142.037874
4921.386098
13923.905333
10599.847143
1212.225790
-8375.864249
-4731.385474
-6847.363377
-11187.543351
-14756.897596
-14318.224847
5453.743002
15735.466237
17637.231302
18856.259054
6544.738815
-15377.371034
-12902.045880
-516.850353
-6898.154763
-2582.149263
11228.098345
9510.500299
14.966568
-9162.607857
-1205.707987
2811.923856
-8081.387846
3152.227148
9627.407481
-5738.365329
-3123.694680
11233.502621
3347.732974
-11147.618147
-168.067727
6264.550656
-11475.441357
-10462.538058
-7760.945425
-3055.616018
2933.556487
11720.698099
3880.925805
207.842705
10929.205971
15795.458964
20173.679786
-4348.214698
-22389.899965
2230.913752
-6.732169
-13231.186659
-4791.839796
-1879.987540
-10986.996614
-12306.128937
-5404.877663
9736.540549
3653.238294
-5748.936430
7703.622718
17048.814287
13400.842598
11472.947604
22071.151828
-390.146610
-18225.367925
-15065.985060
-16023.857162
-18818.843069
-12317.717285
1101.160804
14839.230892
11282.590227
583.222187
9014.659589
-3809.952452
-13556.317787
8667.012622
13175.791953
-5730.211192
-643.213327
29674.675863
18369.686628
-3319.145473
-7026.497864
-29229.849197
-27143.251325
-7706.725131
-137.508199
3567.520877
13148.535546
6662.873042
-291.750286
705.490566
-12548.477112
-10930.346676
7094.548107
-812.978962
-8737.282573
5261.587998
3418.957460
12632.273659
21799.417885
15087.941473
15276.519555
-896.058694
-7859.726947
-205.329640
-12122.540400
-16453.442237
-11072.885303
4418.323733
1038.400352
-9322.513723
-1423.029079
-8603.710497
-9925.057780
-8076.458240
2573.512539
8631.364292
14508.567878
8127.781752
1989.840446
6426.540895
4194.229370
4038.238449
-9558.215721
-12464.095127
-3818.119855
11557.115753
-5573.980780
-7947.471630
17678.629567
14654.747987
-33.179450
-19539.489587
-19355.696539
-2970.926314
7138.880445
13840.162497
19855.107855
12676.005799
987.417539
2176.887148
-2431.627330
-8443.148119
-13263.411823
-7112.505052
-13622.875022
-22643.376987
-13944.359004
-4394.726358
9719.475941
19180.748715
17469.454239
12740.576878
3758.632502
-9954.582223
-12477.383819
-2900.484841
1933.420505
8643.542450
15174.098004
16067.085081
2224.743428
-6911.888657
-10680.630676
-9878.060478
-8388.726897
-4907.565006
1518.687447
3323.676097
5256.640168
11412.606490
3824.489641
-4591.506732
3639.276169
430.792572
-2788.958064
-4975.489195
-5085.159120
-845.174918
-4606.336822
-11002.360601
-8549.326083
-7021.677740
-98.436781
-3199.767527
-3836.239877
10622.588955
15027.159347
15313.811329
15038.482381
11180.241142
51.854622
-2388.303272
-12260.419544
-16820.133467
-10523.725042
2112.550653
4147.526515
-1965.283106
11423.074113
18549.639875
7741.691875
10897.048847
-5381.885673
-23454.518880
-10006.997075
723.164541
-8941.297837
-13976.074730
-10087.501853
6336.341053
8176.049302
-1276.632763
-2675.310876
-4215.274745
-3731.302438
3171.468498
15847.060419
12986.273521
5163.114051
6535.228464
1534.640316
1231.818968
-4865.797341
-5601.206554
2345.872183
5330.467665
-5290.713887
-9365.876708
-2161.767143
-409.178966
-2195.260413
-345.051625
719.100263
1250.663560
1640.999386
2715.173641
-676.740485
-4186.796281
8829.322133
15442.590896
-3404.265477
-14226.879855
-6733.144611
-4139.974665
-15474.579022
-13557.630091
3548.096990
15771.799765
14932.964957
8128.804576
4762.944125
356.292301
-8207.301805
-1770.531242
-7203.667143
-14704.658547
1340.027029
15453.330879
8549.227212
-301.764858
2172.849804
13185.483588
1025.584435
-6864.519584
-1914.769991
-909.235953
-2595.004374
3801.560144
3466.067997
-10327.564924
-11743.034771
-6100.256190
-448.386758
-3803.822306
-5412.023611
7479.903275
17605.975080
2869.382926
-5273.041085
-3267.900582
1942.840819
-10180.995605
-8215.072650
2538.600149
-4291.404880
1448.248162
11519.697771
5980.671220
-3187.088038
9589.140472
11777.316332
-1859.990941
-7569.888808
4149.745276
16500.956265
-479.183155
-6498.584624
885.839139
-6504.762625
-20950.289181
1452.141234
10129.756242
-10372.584206
-4855.111022
4179.943874
-3983.962876
-11433.547014
-504.769033
6916.111541
6241.219807
590.911987
-4210.231266
-39.193287
4450.613340
-7341.138813
6107.915613
4884.431975
-4402.002050
10198.630167
17948.753165
6110.562325
-6610.600681
-6986.837237
-4091.011193
-14782.710057
-12246.281664
3618.924164
11638.304530
12248.497087
9804.433851
12989.931246
-357.970259
-15548.731115
-4785.820510
-3372.649644
-20587.369259
-7028.517916
7826.595131
-4068.857369
-10392.144577
-5218.939076
5998.697619
14257.318106
3211.986506
4322.102128
13817.346733
-1261.251402
-2613.131153
10554.075871
-458.683771
-7368.288205
3343.036085
-6703.387203
-19001.072465
-12296.013939
6866.038772
12775.920589
8672.751199
-5621.934264
-2270.985933
7673.088105
6418.846267
3457.303413
1610.999683
1134.865841
-125.311011
2846.117131
5682.803115
-8963.012045
-10477.153197
2857.250913
1020.047626
-7489.308336
-10884.010469
-3459.097627
-7404.424088
-9929.307079
-1964.893629
856.621687
-669.013749
10932.235869
11759.996177
-3018.420914
-345.861606
9836.994981
13130.178128
8894.503009
3722.709575
6451.296719
6015.963881
-1563.072607
977.191315
311.227151
-3305.993558
-10282.199173
-14312.211397
-11426.514863
-11271.627135
391.101692
6603.761357
-7190.871370
-10003.510123
1126.066707
3300.599551
1812.373302
-2841.290588
-971.870320
7029.612430
8825.447367
11701.724454
14485.772734
-3949.647569
-3394.234193
1528.220857
-1160.167742
-6760.667724
855.812274
12198.968579
3833.664942
-13349.219720
-12985.967724
-9951.369807
7595.812004
8704.976777
-479.897048
6745.147882
8963.547956
1428.231967
-243.333526
-11338.107630
-13260.189173
1158.207214
-4862.615374
-12747.113610
1976.141338
6117.391676
3891.030588
-2618.402917
-1826.940196
2448.520616
11619.940148
9763.761586
13093.663233
7496.198299
-4676.813508
-897.596134
2168.103137
-8304.617160
-15375.950634
-11635.011632
-3041.972002
-10414.034989
-8705.893928
4165.912056
4958.137439
9380.411866
14716.060263
3505.594860
6621.996993
6307.306109
3362.000364
5086.654798
-10428.435759
-10096.724225
4457.683449
4300.797201
-12943.846345
-2985.456785
5483.943133
-2537.294341
300.652908
-9841.022068
-13359.124150
-237.075491
5641.729378
8441.207172
2791.285460
-3722.107016
2394.899282
12588.138866
4579.310324
-4819.768794
-6484.577641
-3021.745071
-3879.691707
-2506.895357
4700.385047
884.326793
9586.975548
15690.022103
-954.804956
-4076.343873
2197.787123
-6451.397356
-2711.148042
-5796.249927
-2713.919892
3022.775679
-3962.662318
-11841.146628
5837.269296
3563.957785
1372.852261
4950.746461
-1093.555457
-6181.388847
-5227.313173
-4492.646851
-2382.993073
1193.065477
340.277646
3432.094347
10957.435848
3048.549980
-9131.985628
-1270.908622
3065.778806
773.011927
2859.417610
-3415.241571
12822.815575
26109.380133
11073.743481
-8600.900098
-11768.249451
-3875.369254
-3402.813118
-10002.179693
-12058.872830
-7652.415111
-5126.568660
-4105.277756
-8706.667388
-5034.314101
5316.945478
8726.336621
11634.792314
6360.302420
1529.599819
6074.959711
2293.395070
-2118.348780
2223.854631
-1212.772870
-1144.950033
-1342.162425
-3841.040318
-8165.745960
-1381.329732
6727.070674
15619.671249
11234.154186
1845.423538
2982.991829
1171.264211
-13813.467776
-14029.892532
-5721.508676
-10160.012756
-5045.131224
5031.101344
4277.452118
-3451.804801
-1622.828957
-2481.526733
-2242.365558
604.379138
-373.785297
11019.717527
4372.962655
10671.723445
12741.576037
5700.312190
-752.861120
-5150.472214
-6223.358848
-6952.921378
-6552.885607
-7421.901995
-4343.569703
-3639.746021
1953.023849
20928.174125
6114.255401
-9773.942620
2758.733607
8294.728937
-704.175045
-7680.352033
-11251.172132
-14975.946764
-9722.851517
1850.039573
14645.931853
9928.512543
-1510.221302
9195.666530
14098.978812
-966.789689
-10873.508311
-144.138680
9851.347333
3979.783951
-586.341363
-5100.815963
-9491.135023
-9121.737650
-4393.407778
-7146.425638
-12352.474737
-5390.809164
3756.966482
8216.666340
-1616.424465
4893.664692
20513.224895
10603.211889
880.570487
11132.528683
10263.370787
-3551.392614
-2307.150179
-2308.152971
-10235.875734
-14068.078138
-8584.274324
1377.914346
2349.256545
-6439.342662
-271.327343
-3524.086502
-11176.574358
-8383.936437
8069.105620
14107.572965
2159.702265
792.918963
4005.044215
-3382.215733
1867.095483
10891.275725
-1731.230158
-3221.299881
6413.273444
12764.548983
-1748.001479
-8882.036783
339.369224
5289.221910
918.593591
-3190.622469
3586.588325
-7928.478822
-12230.073542
-8075.476520
3494.016127
-7989.856461
-10141.408215
4434.048343
6402.241460
-3171.594737
-2127.956221
5528.820026
9189.215470
8721.231673
3645.766739
10731.078002
12112.955004
93.317095
-9176.541116
-9847.312096
-13686.891634
-11562.394677
-4261.138013
-1506.572791
3054.582751
-2291.747850
10507.405536
9918.734610
-844.809092
9130.090005
19255.707329
10949.217903
-4612.454316
-19556.343901
-20160.459342
-6690.658019
3366.601038
7217.359104
1866.532230
-8527.335925
-2139.429020
-2987.666331
-8564.014639
1638.048315
6444.379415
7259.405937
4758.377552
-1623.924437
4810.271518
9365.715209
2722.194123
832.384166
-5886.659235
-11465.178807
-9916.208981
-4001.576532
-11878.170224
1015.647945
24273.829929
16193.913955
7640.078949
11390.351707
810.364708
-5434.725111
-1253.165231
5157.738296
3544.072986
-8645.898151
-26161.427751
-29416.570229
-12896.929019
-15118.524629
691.162088
11590.839694
16509.711067
18615.060163
14247.970059
8461.012228
2553.585926
4693.493542
-6295.670972
-8870.480093
-5110.637152
43.152633
-5874.938937
-14950.947672
6350.116497
8385.030699
14930.823020
10108.975200
-2019.874252
19115.499299
9473.951981
-6621.432264
-1124.586385
-7599.839924
-18173.958395
-3421.703526
-15818.809869
-14394.121788
382.457785
-12399.844372
-4477.446040
-7683.462460
-12453.848133
-6828.225433
14275.007261
16781.470615
12359.027461
24355.737170
30651.206314
20079.736688
1354.353743
-15186.173136
-13445.467087
-2651.503765
71.441250
-6442.005244
-4048.819556
4687.701480
11292.783882
-4817.206340
-16360.207958
-12197.061630
-4296.790251
-4996.298464
-7948.487600
-6378.146803
-9865.373326
562.990773
11318.100005
10676.078999
7683.481675
8896.588155
6213.759573
-3981.580133
-6370.991106
-4499.002686
15347.863788
3578.205258
-19714.626601
4285.752221
7856.019605
-12417.158179
4988.242698
3819.817186
297.442812
16598.066233
11869.128962
1057.658744
-7617.151013
-9723.960416
-287.371557
-1420.497402
-14555.846491
-3799.601122
-3021.096197
-15363.837520
9149.029076
24855.597060
9766.023794
1278.006474
-8203.010228
-16733.231364
-16234.662297
-16805.214731
-6874.723030
9237.318284
8923.458116
6884.029792
15219.324004
13792.760042
6882.632454
12394.216757
2976.170589
-13249.216557
-7993.437841
2769.718062
-5691.858545
-11110.528388
351.196668
4775.067753
7174.013044
-2839.914664
-1668.719478
-11131.696229
811.673365
15682.992728
9741.318554
7110.895333
8934.124212
3164.768460
-2010.886399
-25045.462909
-33103.605499
-19085.078096
-13483.744402
-13713.611385
5585.073754
10659.081562
16249.132380
21418.226938
16670.813003
1750.377580
10140.270624
13692.194260
7429.381985
5520.113605
1001.720831
-109.543815
-6958.748447
-9765.428098
-3477.301089
-8071.831990
-20730.712461
-16855.418961
-10721.619151
-281.435626
8883.287901
15214.002894
12709.855486
9894.110587
4617.740588
4032.970268
1098.236549
-5331.013165
-13222.057106
-7903.365596
1354.601208
262.709363
-6611.817984
-3181.332377
-7666.761780
-14879.928866
-6539.792774
6713.383943
9273.812853
11856.934417
13796.614917
16880.913322
8167.955493
-355.382127
-640.967544
8376.144928
-2523.547711
-4148.847962
-7812.442316
-9875.753578
9423.743442
1341.424750
-12885.145708
-1015.672992
10448.138679
-532.215809
-5198.698274
-4201.018305
-4318.813152
-3218.832771
-9920.403225
-14757.148079
-10185.131647
-5876.260367
-2760.247031
-699.750238
3511.946083
3878.924301
8610.890743
7750.254428
15860.542741
27419.025228
27000.558933
15702.652272
787.104581
-14890.579054
-7128.955584
-4081.005508
-14417.071604
-20343.794473
-9569.596768
3756.197015
7950.039082
8253.109624
5775.621732
-9773.191018
-14665.028637
-2615.111636
-4602.384904
-19206.236017
-8250.288760
9725.518414
4384.266564
3873.165813
12249.363581
2938.636844
-12444.896063
-5826.111988
1147.026791
-3963.261513
8635.114033
26993.808043
27683.865737
9768.360907
-226.244800
-814.449266
1566.351073
-3461.381982
-28440.862835
-20441.462878
-7365.901717
-4945.017068
7629.256175
16504.315059
6448.977833
3411.132141
2295.931536
-7629.298546
-17810.110342
-17639.908484
-718.935510
11022.861394
6895.588962
12554.456812
9595.994673
-8936.931392
-7910.058717
-8071.383262
-18105.239423
-2871.558293
5634.844701
6386.882744
14954.807330
8029.860614
12650.724537
11706.966340
-13106.838252
-23359.662196
-4903.476731
7369.750015
12881.195003
9291.782836
7026.754761
9798.767958
14556.025869
1645.150271
-10108.869359
-18588.104472
-16937.559167
6726.139688
11235.949483
-4144.492163
-11627.773776
-10479.469450
-14217.474280
-21497.743077
-20375.331016
-12377.545019
-10290.967037
2559.690503
19399.429682
15652.816976
23711.014209
45772.045032
38547.740764
13383.064767
-1483.413282
-4516.602582
-12853.529568
-20476.846289
-13320.888285
-11368.450846
-882.610067
5464.691978
-4615.175321
-11361.693809
-1100.379388
3478.290726
-15385.374637
-17617.344360
-447.484387
16499.200997
14839.725834
-1122.543376
-2420.683577
12425.887604
-2344.656416
-26940.043798
-19776.962134
-12873.954401
6560.747444
21764.109268
6975.805091
3938.097283
10075.550092
18814.014389
25533.521097
19665.936355
-2909.020947
-2914.930056
3374.932759
-5532.308559
-21562.730864
-26249.971787
-5607.626030
8945.604001
-394.569201
-21904.521987
-16057.003420
-7080.398113
-18019.647186
-13435.944242
10103.159400
22495.072008
24238.608165
10105.643315
-3713.515717
4346.225073
20593.391017
10984.149204
9306.337890
15055.943941
-14432.982173
-18419.638169
10901.372524
2189.455294
-6255.902337
-1425.165649
-23413.775451
-23830.680311
3601.133519
-18553.967188
-22887.247523
12988.517262
14249.596121
8387.534099
20308.792961
-793.628201
1024.428651
9457.568012
-18000.813508
-5975.649874
19005.620040
8978.560632
8597.481533
18060.113343
2714.315770
-1385.945687
4234.040584
-2442.287813
-10586.552361
-20174.582568
-19070.894198
-304.490699
-2701.030460
-12790.065055
-6862.875470
-56.456657
-3945.441006
3346.672043
10063.390757
11875.593383
6791.566311
6282.185754
1474.176133
-4574.156954
9073.193052
7002.334472
-13529.575027
-19994.818620
-3253.962913
9489.690629
17769.841824
9907.396446
3737.274963
13721.212117
8561.902562
-2948.728742
-1617.774924
-5150.540400
-11468.363549
-6040.188341
8824.871943
-1308.799207
-22848.289495
-22105.157732
-14790.570201
-21706.174198
-9419.757820
15447.279278
15678.647692
11415.335555
5746.754920
3969.741947
12082.494637
141.624164
-5465.589913
8138.391793
20864.794321
25417.910000
10416.428301
-19783.834263
-21970.077417
12288.308063
11505.342237
-6796.321068
-11697.961783
-4622.798209
-1184.116310
-5137.965859
-6221.613239
-1680.382402
-1801.287491
-7098.806270
3134.551820
-6879.228812
-30490.760415
-7580.944594
17034.142874
-715.028600
-16403.630703
9054.310839
29221.369144
18352.892023
15257.602530
6536.252609
1330.778165
4396.830113
683.369649
-3898.700730
-18309.601025
-10031.090842
4466.588869
7459.115694
-4850.005559
-7933.682529
-3230.653823
4634.809703
-14431.885401
-7273.602898
13371.874269
8651.920539
12780.676028
11270.196810
-7478.105495
-11966.040433
-5683.012399
2447.205396
-4656.217440
-17248.445429
-10445.744679
2163.383294
1794.568692
-2796.131989
1870.578848
-512.700144
3467.623704
14030.920955
16793.898033
14818.070581
8923.474282
2415.564029
-6331.525929
-19214.946080
-6506.752791
14284.132403
411.565797
-20353.156012
-6958.515363
9955.728361
1432.919136
-2017.374350
4628.823396
18379.753438
4681.554082
-4153.924126
-1716.756216
-15378.945743
-22803.121510
-16913.391225
5211.394992
7910.931167
1908.702347
-2591.417635
-1886.929882
-10447.403910
2993.714341
20745.936084
20397.081185
6111.327299
3297.396855
8504.550223
2360.736368
-7818.235150
-10499.136828
-13458.292081
-9258.155828
-683.324872
11073.098634
13038.443956
-5093.531242
-3470.656263
7719.208055
-3084.421614
2608.984471
12696.716291
839.613136
-11823.050091
-11594.559263
4342.357011
2022.841412
-16773.034857
-20122.113445
-8023.091615
-7946.517403
-8074.591732
10479.690251
19077.125673
7013.428628
3473.006614
18948.240293
27199.195390
2568.340138
-5908.230769
-1201.820666
-2130.423206
-9838.889077
-11269.852114
-17083.730262
-10054.865827
20098.771929
25582.643932
6128.348729
-1824.483330
-2211.289664
-7205.057840
-10765.903025
-14096.712063
-8948.975244
-1872.891504
-5990.111107
7425.061286
1680.643875
-17174.355196
-6887.672271
14345.457677
13255.063943
9162.146332
3713.957593
6648.768963
-2549.469999
-1273.714404
-2868.940899
5462.268824
4588.033730
-1035.912593
15661.513756
7232.096336
-22268.900488
-27234.230884
-4898.331599
1847.542359
6602.819190
16708.506591
7279.083534
544.539206
-1579.232096
9904.049466
6214.104879
-5573.665473
-11388.719230
-5095.529125
-13618.945267
-16025.772920
-3102.261474
-684.220944
7517.341233
8396.646108
-225.868153
-10666.014085
5107.269736
-2250.663011
-2223.347490
16740.960422
21006.215521
12209.586310
12538.473825
-2332.582265
-17373.330212
-5390.333828
-7443.889154
-528.921963
2769.211061
-3013.751058
-7267.434798
-8075.661722
-3076.718351
4540.458380
2933.381473
557.480422
-1960.357531
7435.735653
12419.674942
9013.630385
-162.504114
-13026.345912
-21904.284108
-16803.759473
-15943.108903
-5208.373529
13304.737291
13939.475583
10684.631821
19183.530223
14838.987051
4631.993021
-5025.600443
-7789.129660
-7199.863284
3406.594896
1666.825532
2760.583189
3027.542029
-2700.656357
-174.744230
2236.172769
-8125.756436
-13673.889589
-7373.987201
-10470.876270
1750.239899
12831.810603
4105.405913
2146.901115
3823.790528
-2878.101512
-7910.091296
-5680.440400
-2968.126358
10180.592329
848.865952
-5373.153791
4672.192018
11621.442826
824.251410
-2797.288551
1021.385022
8397.587596
15025.364278
692.776265
-12933.964786
-13514.213605
166.572634
7768.539711
-1695.189625
-12523.257985
-17367.550498
1403.758248
9695.829292
1550.851075
2444.387402
2000.334827
4370.450870
22066.165747
20060.027513
-9666.748419
-15532.787534
-9057.570977
-13069.142035
-14920.242984
-12357.750538
-4831.218799
14846.349673
7839.992064
489.635903
2251.008763
7844.217880
7495.969300
4684.917985
8079.147316
3802.753043
5644.433333
4848.766241
-10535.469987
-14893.058163
-5444.729947
891.550734
8097.384290
5979.643653
2670.955766
-4963.190715
-9675.781492
-8168.748920
-1577.609586
-1004.487863
-4500.190855
75.400111
-4050.366857
-2584.198078
8137.993448
9085.382785
-1946.603599
-6554.045521
-4176.638553
-2068.164523
4647.297428
12915.122655
6755.931073
11874.665610
12377.094805
-3994.092531
-11802.759795
-6141.581118
-3127.706677
533.300848
3578.893683
-1523.288325
-2557.821119
-2412.066523
-2852.777221
-6848.619148
-7444.979940
5972.228162
8389.444861
1901.261745
-2697.137547
-6649.691916
-6159.841666
2050.353540
702.775267
-8522.714753
6429.603582
9883.676166
-659.768606
1716.653153
-7483.146757
-6963.151134
6193.857192
10276.399558
13982.767440
12047.919143
4476.463564
2177.954925
-4590.882824
-16451.923501
-11204.627251
-2519.477161
-5209.060666
-1926.550467
-2332.295674
-2188.500795
6590.285211
1372.757330
-4294.166513
-2746.548322
-1608.370420
6832.620912
11766.622849
6007.209837
-2976.648552
-5914.950061
1688.633038
2161.157907
-6309.750548
-2773.999685
-4360.176175
-3711.873518
6075.110500
9934.631665
1683.066006
1305.279121
-720.395054
-3372.006457
-7736.380058
-12670.481908
-1779.100346
5442.633955
5417.822030
9473.581752
8255.302230
11131.614376
4844.968775
-2963.673521
-6222.215184
-7827.185824
-4553.452623
90.575475
6309.932707
1947.280215
-10842.276953
-9045.791823
3638.485746
-5304.563670
-9034.852099
2381.618279
-5771.631554
-12230.177187
2931.314435
7053.773208
3732.012026
7959.198596
7557.600555
6667.305295
9175.160927
12474.199316
4016.200842
-4995.978110
-4211.828221
10694.684979
10457.716824
-12427.262245
-17769.842104
-6253.917974
-3734.024181
-4136.998355
874.441163
-2350.655330
-4949.725038
-6032.599929
-3559.724138
3034.927867
-1801.953041
-3617.347614
4707.807904
6807.931948
-1902.992979
5045.632707
14968.982421
1253.387384
-1592.489989
2071.183293
480.247052
801.238952
2216.452841
647.612568
-4930.820507
-6047.157114
-5188.131389
-3215.134281
533.954041
9906.959518
11111.880677
7054.193671
-2131.813010
-10611.427294
-7944.731043
-10163.028884
-9718.432420
3162.920439
8926.054628
1876.507482
872.732527
6632.351330
5796.641631
-2254.550366
-7167.175275
-1337.279724
-2152.696725
-3644.189862
-3198.382281
1846.881954
-2267.185793
-4113.221654
3203.240980
577.157673
-1727.054330
5637.595192
10764.223459
10911.190857
13132.651332
6903.328917
558.517180
-3803.574251
-13486.741554
-8989.282481
-3797.792131
-12952.892076
-11775.257155
6744.812832
4822.157952
1517.258185
9884.505143
3170.408234
-6022.858614
3022.784050
576.539239
-7355.929236
-9049.560195
-7891.841092
5364.614304
8697.417372
-3372.920315
-2467.415227
5778.506238
4595.788051
1284.373433
2094.483635
-2356.519844
1384.820813
5025.493575
6959.351234
2767.758395
-1415.080244
9433.521415
8393.233358
-6040.192936
-11157.267626
-5183.522062
-3808.628509
-4609.077519
-1279.224478
-2008.923874
-11043.827882
-5049.091779
6384.721961
902.639008
-7623.476803
-1653.602559
7289.320962
4840.164176
1915.822804
2572.248836
564.105711
1169.930105
-4045.087382
92.395064
3578.416957
538.759841
7406.785674
10590.688386
2446.082306
882.095942
4300.021346
-1014.943499
-5399.527665
-9461.468550
-6858.377774
-2164.969235
-2747.447967
-286.187809
3155.666456
-549.049487
2080.826536
5558.358539
-1263.190762
-6291.077585
-6.926304
2442.071458
-7435.458766
-11739.974806
-6347.671228
3193.460689
5214.697008
2169.069441
5243.754770
5589.998061
594.012685
1491.008521
4671.802575
597.042785
3088.640456
4763.021817
1602.117190
2280.280083
5067.665592
7135.639286
2511.100851
-3777.750458
-6134.287198
-4290.639627
-5667.499305
-10927.659478
-14820.811866
-8192.206844
-6138.076258
-2698.337281
10025.726704
3730.809126
2881.139916
6992.859591
3006.028653
437.748681
-1652.247767
2274.781463
7157.653727
9126.472419
1050.242083
-1325.789516
1025.621016
-1466.310546
-2029.414576
2240.963153
491.025087
-5381.732822
-1299.875344
-2431.909072
-5285.058756
-701.629703
4748.582426
2747.844760
2289.107615
-579.524151
2258.269528
-2353.264621
-10189.618154
-5473.821463
815.944112
-1758.165752
-418.106809
-1324.854404
-2325.852478
-2708.084730
7430.793291
10174.671660
5620.228819
3336.860593
2235.053453
477.638616
-1073.197764
-3637.321706
-1863.592646
3067.869883
1131.217025
-9438.313323
-5244.253242
-1329.634728
4692.707016
6193.261001
2711.624791
-664.190475
-1055.180085
1121.262974
-1006.373160
-4292.351383
-5096.025593
-737.693527
-479.578051
-4035.853219
-614.693008
2711.671887
1922.890248
930.444102
3389.688630
3630.820133
4221.388437
4332.002580
2257.191211
-6683.726604
-4471.490586
-520.586905
-4224.028515
-1723.562785
-1197.068951
-3166.317259
-716.024210
2261.054521
2319.802055
149.467886
8888.852977
8083.355694
6219.703569
473.315817
-7112.113520
-2446.116450
-261.669186
-11344.906821
-9033.781710
-828.573510
-478.411828
2277.066579
5048.658106
1427.432935
2508.007296
2444.162186
-528.263653
192.191635
-746.793431
1725.859913
6427.054041
4856.447366
-2145.946823
-1705.014313
-4403.375076
-8014.481469
-6662.682490
-5030.076996
-926.859524
1747.585582
4641.867303
6736.307527
6408.204474
203.531993
-3804.565652
6174.391392
6202.738750
541.454572
-2.948699
746.311781
-4816.229024
-3033.220435
4479.447605
-4228.269902
-5424.944437
-2839.771947
-8521.134236
-4064.718392
1916.239430
-3389.815507
1218.901269
5827.765936
457.529018
3040.099155
4537.510571
3024.219443
9119.360366
9479.154812
-3569.044878
-6794.178082
-4907.900877
-8290.269342
-2148.435424
3135.540107
-1740.267686
-2219.278786
1347.436590
2345.816987
1041.653659
4498.577315
3545.389118
2256.525405
5938.570152
-547.314964
-8953.178551
-5081.460218
-3922.218159
-9313.506408
462.428181
4074.409879
924.811238
6024.758720
2442.170415
-1264.751577
912.549797
-1238.898417
-1631.844430
-615.976860
-3043.244795
3099.082765
5642.943583
-3072.190025
-826.280700
7075.054594
9265.065365
-194.107827
-2102.534894
-3126.284335
-7365.707524
-10891.205053
-673.720879
4555.374403
2615.594601
-1521.812710
-3013.873756
3933.780634
2215.570806
-1798.231619
684.202952
1452.054977
-1147.905409
4119.300303
2226.691525
-4098.281985
2493.230866
3259.503737
-2389.381428
-4129.455075
-823.740199
165.263642
308.385655
-4123.120349
-3126.735348
1010.902141
-166.097622
-2747.695542
2520.315368
2889.516583
2192.684702
12350.046047
6077.712229
-5357.722662
-3205.881765
77.808557
-5075.504538
-7907.692602
-1236.344834
6451.605597
4311.129994
-3479.328988
-6009.230057
-3209.758940
1779.015188
2401.089564
4720.347144
4693.158795
907.576580
-623.264603
-4004.888404
-10027.791235
-5605.249763
5273.519522
4919.150403
2314.369507
-1080.144491
3038.045413
3029.946962
-843.629018
-4870.772718
273.871472
3246.445687
356.477031
4576.410604
3015.835756
-4209.549546
-2768.366579
1038.432187
-337.391344
622.518304
-1107.197441
-3863.524157
-1200.844829
-2551.753491
-832.675399
4922.940585
3296.145840
-222.777846
1953.932914
-4582.138251
-12058.176515
-3256.078094
-835.521809
2672.513604
8437.453347
7036.166923
5033.112814
1840.554594
251.360138
2948.592907
-23.033531
-5164.504318
-3622.192399
-1556.141195
-6856.941250
1047.007750
7145.603686
661.692589
-3835.557050
601.454096
2957.911242
3095.976081
-2009.367075
-8344.954828
-1916.172693
4019.410697
-1913.973295
-1521.584095
-2466.909708
-4490.475180
380.665949
3136.927827
3908.619140
9051.537889
8609.392529
1498.221936
989.959898
-186.868797
-6297.071490
-6400.162836
-4051.444228
-6473.392646
-5481.601204
542.695047
4163.656793
9091.902396
7496.275277
-756.926009
772.306241
1188.157279
-5187.516298
-7896.861492
-4594.475554
7592.087978
7286.774915
-5653.041808
-5012.204741
1321.945113
-2654.265571
-1360.499933
3169.972827
2080.671170
3893.783314
3867.819725
368.687111
-202.998147
-49.890620
-154.039473
13.751780
217.437804
-2133.533985
-2992.101998
220.772255
-3496.756526
-6355.759604
-5801.925994
-615.130203
5514.240385
5060.161674
-656.451136
-2010.405379
6627.051469
8488.768533
1301.199035
-2297.414895
-959.791268
339.468823
6867.939384
1459.716238
-7867.842881
1866.636514
1136.320057
-3267.312537
-1295.786219
-8918.917422
-4811.454577
3155.992443
-3118.494821
-1684.085128
2080.356085
-5096.739464
-2807.280885
1590.556035
-2694.315527
3834.566693
7418.938922
4031.323272
9310.169238
4477.214247
-399.239294
6086.554547
6140.557842
-2218.237973
70.235196
993.030843
-6772.635334
-10568.697712
-12899.028158
-8910.101800
1584.880221
763.416327
-657.109312
7606.296485
4794.494506
-1609.469810
-642.740151
-47.812952
-1548.030941
-245.199554
4623.372326
4569.397980
1211.878047
1309.358892
600.533166
-4511.816353
-6189.077219
-5224.000841
1612.726029
8093.166045
7525.858102
2773.971225
1266.529133
3833.158161
1901.747050
-2955.063748
-4606.559757
-5813.321459
-1354.937312
-1040.557042
-3604.984143
-5566.819700
880.864428
3894.199845
-5440.930305
-6869.138800
553.560743
4233.553763
2230.254421
2298.572621
3602.562695
2264.379500
2914.859454
3045.736768
2840.802787
396.863278
-235.012932
-590.034626
-4951.977045
-6359.229995
-1071.720167
4367.278371
4598.427499
560.272153
-186.924655
5789.789180
3843.813938
-3454.048679
-4497.516785
-5646.446057
-3482.189796
-65.911909
-1437.839602
-6510.460242
-7146.401650
-224.192027
6513.748182
5638.502897
743.048360
1859.599840
4194.649762
-1211.382529
-1078.084796
5112.447000
8306.189534
103.095435
-4589.818073
-621.785417
-3945.763141
-8371.882008
-282.902633
9502.939425
1042.110095
-3365.920602
3720.426783
5823.288316
-139.891619
-6448.995641
-7728.254691
-3706.708403
-30.459458
1656.719340
-3.000687
-79.816462
5412.476602
3305.017297
-4458.573734
-7273.675520
-2366.596499
4864.650959
4610.044230
3038.402216
2001.047890
2185.396548
-602.278142
-1978.530197
915.915575
1824.692442
-3011.869000
-7442.155895
-3290.312825
-2400.291444
-27.693378
5630.345003
5796.350342
3937.006471
5788.983519
5754.584844
1111.020327
-2691.173337
-4486.506764
-1137.465384
-4624.138771
-8356.875281
-5021.806870
-3457.465788
-3372.469120
-2567.407446
-179.739129
-1094.201253
-448.391251
6778.059847
12749.539761
4125.210446
-299.498274
9190.007583
5978.656316
-359.673748
-2563.891822
-5748.543519
-4939.596626
-2796.975090
-1923.407820
-3141.664398
609.299703
4080.455715
2476.716776
-2657.772097
-2969.287606
-1671.156077
-4736.657172
-2922.442342
2435.293341
5541.081004
4159.213929
460.612615
-1263.854741
-1617.645840
-6229.001878
-2364.989946
-7.930127
-50.562740
3082.095845
4094.028947
9826.300867
9013.089456
1922.737577
-5779.653459
-2212.420220
-4407.231453
-10016.482672
-4970.993460
-2457.550093
1823.287687
6703.284342
5073.302715
7198.657541
4381.127796
-3485.387947
-2952.900114
-6284.235752
-9288.392695
-3755.188866
3389.920147
760.903496
436.088391
156.889482
523.918097
80.432150
1478.823797
-337.390998
-278.630251
2186.954668
9990.104992
8445.427171
473.653960
-3834.553828
3038.303929
2726.206189
-5370.709509
-5926.099542
-5649.999923
-6139.487785
-1811.708331
-1833.159922
-2585.797233
547.456353
-124.610028
-2648.161985
-212.169192
-546.016981
3213.257347
12923.278820
12493.983646
7863.394425
4655.859992
-4157.490648
-8602.589924
-6282.684152
-7796.901788
-6195.236492
2651.906370
3854.115723
-3192.654952
-6033.243639
-6959.161862
1757.712517
6407.517917
4745.600626
1926.803371
561.862664
250.343993
-3093.685407
2971.564742
7195.584846
6288.447479
3883.452299
-3116.575278
-2768.533871
-2484.750386
-3913.815306
-218.286989
-7115.815495
-10155.784505
-1317.732504
5210.578382
3707.158083
2566.812710
3776.930736
-137.561934
-2841.515328
2160.338715
-456.785162
-2184.238326
1874.641417
1751.792021
2393.623678
3472.193075
678.989585
-1159.029592
-2055.407927
-7521.625055
-2684.857277
3631.328533
-1104.177119
-1186.031171
-78.465592
1566.315730
7028.981522
3522.495975
1440.934460
-1016.347518
-5053.605736
-6562.298502
921.723385
5138.621550
-793.076249
1718.288175
2362.884526
-908.870037
-6034.590095
-4976.797312
-4279.089877
-2064.853107
3689.836182
5311.517024
-424.407593
186.129091
2648.178613
1263.376530
1472.263041
2885.533079
5161.944578
4467.824564
-683.224447
352.586219
-3523.199746
-9920.260319
-2808.862677
-561.594384
-2591.143873
848.121415
-2471.241426
-6892.083537
-351.891142
6987.172952
7610.713455
5250.206987
2997.859802
2618.534787
2691.772170
-1045.876631
-3416.078643
-8371.146386
-10165.083105
-1898.365412
1433.838592
5501.714650
-2189.936787
-2340.931825
6866.210497
5239.246304
-5259.141360
-3078.905813
3326.181498
6308.826861
3026.385796
1050.023706
5266.765580
2372.825542
-6892.089301
-4825.803782
-2136.583683
432.739975
-2168.132435
-5008.421589
-2636.119180
-94.115133
-4452.068511
-6759.567630
1545.679964
8281.854747
5370.087136
926.021847
3220.873342
4578.897287
23.660972
1367.599029
2044.367844
1727.900480
2308.984255
-1114.226127
-4237.957298
-1078.122613
-2557.514458
-5904.525751
-197.025177
2232.803340
-2599.480784
-7646.676303
-3246.100357
-991.234366
-5576.767001
867.473346
9498.488491
9636.882160
6556.365203
8889.468194
2124.978360
-4170.672783
-6503.538069
-2121.543163
3224.276800
1190.940582
-3776.366996
-7036.360074
863.017155
5338.709363
-526.680443
-8419.585823
-5178.322975
-3055.981281
-6279.383621
248.624240
8992.641280
8253.383041
8132.495200
5024.123940
-757.922182
-2434.081296
-5000.280094
-2010.182612
0.019507
-611.070397
2277.468739
-1466.838664
-5648.674420
-6113.277996
-2749.022903
1883.934500
7478.599475
6634.064269
6731.997959
2159.446386
-1679.506907
218.280281
1757.578282
-1060.912153
-4160.680824
-4625.207234
-4850.580320
-6016.484262
-7142.391420
-4683.602016
3688.101680
6293.847871
2648.545455
1057.110515
3124.633682
-690.187647
-1496.982409
2680.201662
7445.016501
10534.730963
8981.679207
-621.472549
-5749.802449
-8413.841632
-8887.954351
-3258.161932
-2578.553344
-2908.987921
4723.377379
2712.315195
-3610.153903
-9740.496862
-2822.177268
4310.589662
6620.992583
6934.114155
2671.030188
3154.595427
5283.733515
2789.540888
895.526039
-4525.051703
-7921.137338
-7779.839156
-3827.564670
-251.555827
-1807.635078
1921.721633
5100.959624
1858.731803
837.130235
209.158571
-611.162269
-2503.609831
-1786.959458
2130.958576
4702.586764
4109.270760
1802.560592
1174.382241
1354.172126
-426.423937
-3409.700275
-3458.527824
123.017070
1119.375248
-2932.029292
-3637.328984
-535.241792
-2318.490460
-2750.046766
-572.547674
4178.864649
906.591448
-532.002583
788.668622
4717.409254
5953.744181
-2315.350344
-4267.825764
3320.219825
2765.578994
-5171.430271
-6233.011218
-3512.055823
-3055.388193
2946.071288
1240.820426
3424.219025
3790.771184
-647.502583
4243.988254
2841.443639
1740.666858
4874.267072
7559.670100
267.050197
-3175.733635
-5288.613816
-6138.417217
-3120.350812
-3803.799120
-8624.404112
-5444.312063
-4873.685057
-4821.163563
-2239.760646
-1365.775462
7991.976605
13820.700603
9636.741312
4933.273872
5170.938009
2133.453158
-4207.921231
-4369.585978
-1533.472073
-4291.330529
2170.621176
2469.702346
1907.002509
2387.132972
-622.960627
-6003.204966
-2741.102373
-796.052223
-2767.993733
-1.862052
2839.985711
1766.667347
-2063.527643
-549.353345
2913.985826
-1439.650743
-8487.667148
-5668.108905
1966.406956
225.509059
-474.766833
4500.785297
2702.921655
965.118182
3385.001060
6361.432987
798.046869
-7650.646710
-1063.800894
5264.784008
6185.355190
558.512466
2376.862118
1783.451225
-4856.569083
-3478.645980
2168.513919
-3723.467344
-1936.009418
-162.851613
-4576.332618
-4136.213780
-3765.840447
-6565.477734
-4145.848282
-578.239050
4426.672518
9246.418420
6751.662026
5623.761454
8859.601079
9223.004999
3120.054743
-4609.163804
-6653.718340
-7283.480874
-7517.083556
-9055.317975
-9509.078654
-5531.361358
637.378410
9276.786144
8304.115914
4082.466432
342.279596
4151.956624
1383.405251
-1949.109583
4420.576887
8268.905597
4625.556134
-135.325670
-1051.160243
-4860.788104
-9546.116862
-5248.531276
-4741.903784
-4900.703473
-4277.648406
731.061768
6595.111980
6818.823518
778.268673
2922.082447
77.607994
-6042.454754
-3865.490600
1147.399842
97.464413
366.905448
2456.349976
6983.293442
6563.188769
-1993.598985
-4478.789732
1479.901811
-4527.461054
-5903.172043
1237.244390
2956.876087
1482.177569
1408.955062
3627.285292
-479.088616
-406.319791
2049.097753
1596.242018
1859.684412
-404.105286
-466.291127
-3184.048248
-6552.044662
-6494.471707
-4454.590430
-5173.726734
-4540.611031
-263.482584
4834.262028
5275.008418
7653.139558
6786.786915
3851.802410
2099.493613
29.358028
303.052999
1909.222846
-3217.388624
-2344.671838
-1526.679989
-3248.725074
-1547.978033
2491.222083
1956.142675
-743.178204
-1566.662096
-1913.175239
-4591.212305
-2269.692226
1259.433759
2840.949700
921.651248
1021.293223
467.720155
1425.387174
-354.981730
725.069164
3292.454061
2272.775281
-2506.627860
-3123.404071
-1583.606846
-2903.336251
-3104.790497
-2843.248451
-477.596896
1860.622188
3060.149441
4244.867039
2594.846726
1048.041020
3743.963711
2082.508115
-368.155612
-1452.728563
-1578.138410
-1161.219836
-966.301707
-1235.394317
-1931.854266
-1161.705081
-2141.614811
-666.619280
1453.401119
549.704067
-444.458269
116.477161
142.180081
-1413.387045
-1066.201453
2652.215444
3047.343949
1360.501296
-588.129700
-735.232404
495.657027
50.613003
-2751.673133
-1327.872670
1557.026135
578.353090
-160.786600
-660.244498
-486.365473
2255.394527
1015.458232
-1235.296461
1138.293582
1507.868586
-405.737969
-634.038451
1222.803923
2056.434178
-501.017325
-3525.015625
-4012.497184
-1801.781101
55.117496
299.979520
203.179304
2071.925018
1374.186052
983.487220
-523.055849
-1101.909959
-1152.352142
-510.067761
2563.227625
3562.821822
1064.654399
-1182.112440
-524.847618
-768.795759
-1267.749350
-672.205598
-1299.017488
-920.985123
913.069104
1579.639963
1439.097397
395.368142
-1346.220296
-952.676474
-673.578848
-1352.739803
-481.669042
-908.128941
-739.554812
2067.119603
3736.274097
1607.979634
-1217.064152
-676.720888
-1225.181450
-133.052178
1251.090604
1422.944848
1476.832653
82.952840
255.755695
16.294503
-2468.272433
-4224.463731
-2970.846235
793.802581
2113.481425
413.634669
-814.829866
56.744419
1821.853527
-37.405512
-522.557433
2095.667577
1458.529520
-917.929878
-174.209128
-51.892470
719.058628
813.134992
-2305.089124
-2149.099001
475.177210
250.561488
-959.815204
11.312455
1895.821711
3480.643634
1614.751488
-1516.834369
-1267.077360
899.954579
-518.479409
-346.805376
1115.496561
1002.610396
-1206.551872
-2018.342611
-1267.718895
-1949.821686
-1181.212425
-721.269071
-1855.281659
-1277.732800
-1109.282466
13.295955
3484.060612
2912.261377
928.487819
2825.192507
4128.014734
2669.391791
1426.572032
-1357.183324
-2985.836584
-2886.440447
-2666.942596
-1385.937551
-3391.853434
-1549.272160
2888.485020
2570.027225
-555.896057
137.493316
1926.437306
1143.042032
1220.807753
1535.179971
2962.095691
312.190314
-4057.765571
-3718.524168
-1164.516839
-1857.077512
-300.384791
2394.393318
1021.561302
-2588.302978
-2832.764298
-1140.428037
-3679.562528
-1102.142541
1863.085380
-166.855590
438.276446
2723.820751
4975.893652
7687.572869
7176.403684
4448.504280
4551.214050
-1885.203899
-5849.120193
-4066.938556
-5029.724755
-7086.922916
-5518.974863
-1909.367111
-538.451360
566.291313
1488.126515
1712.853291
1115.131140
-1310.971598
566.975648
4162.900420
573.123196
2579.588474
3377.016076
-1314.225175
-6044.917958
-2943.011198
859.355030
-5218.517033
514.330332
7656.232136
5493.827024
899.055480
-113.088458
1522.363986
32.719689
-5356.458307
-4425.237542
2515.232280
1458.873591
2230.821569
7828.791633
5402.154012
-1242.945378
-4936.930896
-5341.681652
-4466.197594
-7142.886881
-8789.421608
-3218.976537
-1288.147867
1400.503579
7685.847173
7757.951785
1929.869511
-2311.879064
2258.427761
3065.904824
109.738238
6080.925898
9186.703094
6963.801298
-451.541279
-7872.730561
-9269.787327
-8417.372571
-8502.288319
-6486.380198
-6274.713416
-2673.491439
5721.477454
10365.320215
6993.541612
5711.118349
7870.902481
8662.068432
2303.443331
-1967.531667
-5763.595378
-5907.848584
-2700.292692
-5213.350400
-3131.196271
1020.801014
-3531.180371
-1791.355925
1436.089964
-5600.540038
-2461.336294
3107.419336
1512.061879
1028.996896
6814.665332
2667.063851
-3763.975713
-5406.142936
3988.522146
6546.814686
1602.122371
1240.547528
3609.777002
2508.546812
-688.467408
857.871335
42.503051
-6970.805601
-6880.127814
-87.467023
2673.967711
-1361.666881
-618.891235
2911.111266
3035.157050
-1431.456937
-3400.987499
-1555.916288
-4706.564294
-4825.541897
1067.990134
3134.879572
2074.878130
3089.643538
691.279322
-4365.728444
-1275.318626
-5820.636855
-3570.100569
3947.782412
5230.777296
4859.366911
13217.762099
12733.302316
4379.706726
-1842.772275
-2928.553087
-4837.317132
-5110.466201
-7076.651303
-7233.327311
-2078.949499
-3678.188349
-7332.351225
-5321.887692
-2485.491182
3654.576781
7930.510347
3762.120399
1071.816286
4167.758468
2418.683810
-914.453126
4695.587559
2419.741080
2154.347779
863.964601
-3316.592043
-4037.266037
-6543.491906
-3046.719020
4901.483515
400.102885
-5254.002533
889.784846
6107.738007
4405.994767
-309.540985
103.330536
2242.230142
1968.994785
-930.564787
-3433.595577
-1154.881906
-1033.987064
-3700.252978
-744.971573
991.615363
-1214.987794
-4692.759642
-2576.823800
45.468057
1450.242921
334.314455
2737.123590
4774.341834
4714.573103
1224.228276
-2647.215624
-2451.673502
-693.007754
862.051495
660.445649
3394.123313
5165.392765
438.090142
-983.040397
-1639.423956
-5022.527413
-8147.805672
-7705.777494
-2357.698002
1933.758121
3874.860618
4717.454534
2062.463410
3580.546585
7402.925055
6482.090757
2702.503786
-4914.206113
-9264.360154
-1664.262827
3487.317814
3324.906687
-4041.227362
-1748.318557
-5322.536382
-9037.314109
-7734.082816
-4585.289732
1807.713615
9877.674721
9841.137236
6559.280400
1838.030182
-1559.100515
905.057611
2101.846984
930.463404
3432.371133
6418.600895
1191.079243
-6210.755099
-6630.636697
-4908.369651
-4457.881918
-5073.941352
-3708.774210
-30.191527
1869.626472
-687.669632
-1663.111399
3907.546124
7095.131569
7833.921047
5628.080966
825.189562
-4709.759517
-5917.904912
-4677.842404
313.347590
1739.332132
-1516.306114
-326.196430
-3138.513137
-4161.716533
-2257.363703
342.386259
6227.667140
8744.334764
9077.747802
7486.289400
-2814.098884
-5187.618431
-2712.132295
-7298.153034
-6689.574567
1283.803840
5474.285748
-1572.045244
-7335.676097
-2492.581845
1923.615657
2228.557319
-4227.146223
-4897.772340
-3993.497187
5424.303334
8135.606782
7494.406353
9834.425812
7155.088658
-2307.768633
-3937.586429
-1023.376886
-3989.655838
-7346.594039
-826.625707
1972.980505
-1683.574554
-5733.296907
-1014.182749
-1835.457183
-4144.413070
441.672340
2257.332962
1488.462254
1688.989209
550.838785
1198.045205
4703.264055
2089.159436
1622.199258
5937.320225
7832.771643
-586.689559
-7173.740448
-1878.783159
-401.311657
-4714.742031
-5286.418002
-91.213264
-133.132757
-3327.395169
-5927.427233
-4552.402902
4878.315570
4369.878786
730.962862
3904.256910
5344.608863
1681.049641
-4693.087936
-2613.980036
7416.678997
4174.599274
-4034.696923
850.286575
5248.046939
516.763868
-4158.923145
-11132.313317
-6393.968033
-2043.925002
-1020.286090
3535.550318
2994.505037
4191.044938
5765.697820
7727.395557
5043.648483
-3752.212157
-6102.730862
-1492.369233
288.116103
-2666.764209
464.009335
-5725.468767
-9176.057584
-1928.222480
301.075513
676.868659
5736.972154
4663.294250
3013.815066
649.367209
1704.478915
2466.995899
-1406.819783
71.924422
6841.934040
2161.574241
-2911.560079
-4341.326567
-6144.060360
-4604.846914
661.871594
3070.788473
-887.854190
1358.678339
5036.914037
-996.573371
-7417.685302
-4109.107022
-149.482968
1522.949430
6280.496145
4949.101042
1214.255169
-699.352882
-2291.670190
711.681952
3636.098311
-6503.521254
-5439.607821
-914.683060
-1293.012729
1947.405954
3058.417802
2641.095286
2394.996720
800.711348
-2978.864986
1070.918013
479.857779
-2480.869920
1134.964223
3062.109823
3011.614202
5116.686189
4059.471306
-5277.730827
-10910.609008
-4802.961986
79.412329
-3604.726588
-2137.613493
-3196.039540
-1639.120358
5379.904699
6774.111708
5017.631620
704.006701
-2845.171190
1805.388276
615.064782
3226.311617
5764.086503
5643.996142
-990.635940
-7673.796396
-5873.776631
-1113.410603
5186.817499
-441.957495
-7229.879554
-7033.879864
-7609.241041
-7092.667506
-2016.416666
6137.454368
8056.729607
14118.371232
10598.933103
2065.544924
-448.242408
-1614.509420
-2113.496109
449.516270
545.396321
-3024.377465
-1894.289150
-2526.536733
-7057.997233
-5299.194271
-6308.462207
-3683.694369
4236.076347
1180.311966
-3970.203451
3127.346559
9336.193008
7533.176940
1095.119586
781.393601
167.165148
1652.760567
-285.299245
-791.784499
510.775246
2.237646
2080.291027
2516.450308
-5979.823273
-8359.878274
-5571.846886
-3742.820338
-2151.948742
6714.904329
7073.696280
5239.978655
6248.732785
-144.002767
-2460.470882
-7629.058642
-9619.853454
-2685.648137
-3528.187198
-4157.427273
4515.789477
9930.708943
8051.061054
4058.111250
3035.893077
-835.757451
-473.952526
-4986.161039
-5030.625661
-574.805155
-19.853320
416.228120
4537.931060
5168.210263
1312.931524
-3721.357689
-3668.241695
-1529.510235
-4315.831685
-894.019626
3546.013155
3227.422397
-1716.055099
-2141.306320
-1697.044897
-3208.098301
-5187.270717
-5899.019357
-858.404388
284.349571
7877.256209
6474.765073
-967.369276
8709.691886
11693.849645
4326.684577
-2374.109107
106.942039
168.468258
-4055.220203
-3194.197930
-4123.956805
-5829.602391
-7747.256821
-2316.832396
-2087.916669
-4982.596269
-2755.759123
3670.674852
6033.974421
5026.384491
4191.137974
6826.646965
4464.092198
-1657.363811
-2488.321704
-5361.123424
-6728.450201
-1216.847476
3357.427287
-267.421806
-3216.628226
882.270586
2717.320691
2058.409393
3183.596448
5061.083086
2693.496928
-3878.740693
-7384.635412
-2205.714035
5053.949251
4028.757101
-674.962785
628.216922
1545.789599
-1819.927299
-4397.105861
-7898.236609
-5198.304202
2029.017041
6550.724611
1473.173127
-3699.659896
4795.233502
8091.364667
-3955.987820
-7456.318333
-2590.851563
-2133.362159
-5076.177201
4172.430534
8875.701238
2848.717604
-2545.703533
651.879866
4195.257091
1451.658578
1621.339786
6767.842309
4487.739482
-2952.762997
-7407.429045
-4671.885865
-378.777342
-1445.761143
-4422.137816
-4838.693565
-4927.593122
-1458.328332
4834.244056
4515.383612
-706.276237
1944.984534
5722.415188
2616.483028
-3171.011582
-6288.731176
-3991.275715
38.914254
-96.748010
1390.044168
2849.461222
2879.913023
2596.677560
3086.921306
3827.901555
1075.007115
3207.916682
3111.704851
-1308.390072
-7525.197662
-2889.589022
4099.620909
-1310.959417
-5938.097828
-1288.220934
-981.222539
-3601.527582
-5642.414021
-4080.344255
-1614.917236
3927.975657
1961.654419
980.887083
3845.363215
9092.612615
6302.154016
-606.733396
-6219.054915
-5992.625484
-2341.481284
1244.495894
721.216768
1573.559014
5469.347735
3785.052160
-930.264598
-954.383659
-43.880472
-1284.964901
-923.510588
6950.244616
5309.807230
-1340.496065
2404.595417
-1143.671440
-11559.233491
-12452.548176
-9658.373947
-4016.638482
1644.127385
-1163.653748
-916.041525
7781.373748
4221.822158
-1173.490033
7302.645183
7594.880818
4709.205324
8221.661262
1055.162206
-2368.603525
1329.593010
-4717.306045
-2277.854633
2872.826015
-4628.752830
-992.560348
2350.051770
-7276.526792
-7447.010779
-452.461004
-3880.169496
3097.416047
-538.963941
-6927.376324
4514.467373
5087.513462
-824.912304
-545.609864
-2643.153329
3757.405763
9224.561700
4359.959244
-3290.600243
1082.698922
5723.158341
3953.759077
-1763.478565
-6864.221457
-5713.768333
-2400.175540
213.846511
-2772.001095
-1805.518293
121.773920
-142.022124
-218.633558
496.839517
-296.818987
379.080224
4484.506415
2768.618059
3288.995740
2769.455124
-3224.399988
-1869.815562
1284.064040
-6668.997866
-2057.852663
9482.487339
3306.597538
-6679.583652
-7317.740907
-4011.297246
2380.936468
-368.195439
1328.695975
9457.124022
7808.634153
3212.375474
-1401.926657
-6147.758574
-6392.424590
-3881.727924
-7053.729297
-5087.102386
793.538127
531.834274
3608.237714
9276.560895
7743.354711
3510.301534
3530.384712
-2127.546144
-4363.360753
-1292.700744
-1989.943958
-138.151449
3146.518623
-4981.614586
-6985.423761
405.751336
2967.708145
2222.882133
-1117.500355
-3058.427836
3241.635846
6960.353024
-2938.607378
-6139.488749
-623.249289
-4036.322129
-4900.255928
826.100185
2207.702531
-142.003019
4264.026516
6229.052594
7574.951590
7189.291739
188.087218
-458.700764
-6843.780846
-11310.221763
-729.384480
958.952152
1084.308469
4743.285927
3544.321504
-2704.049329
-2183.189303
-1775.206305
-3800.563401
222.229782
468.950681
-159.535427
320.906195
-4675.890754
-2739.601549
5643.511603
2837.457975
857.920775
3398.232016
-1663.456176
-3644.793299
708.763989
3397.307056
833.388640
-1206.791077
3718.847072
6577.959574
2536.002261
-9130.017183
-9198.556300
-1959.968213
-342.448674
2796.298075
4486.744757
4159.147601
3026.153309
373.472058
-4653.631347
-6536.096111
-1881.270632
6103.913282
5540.016528
-4223.537997
-7720.130809
-2804.698981
-105.744384
-4690.724670
-2893.118199
10244.146788
9191.812238
960.785369
3269.582793
-35.938460
-2488.620263
1683.640771
-623.381630
-3622.275261
-2819.127552
1148.783607
-48.825454
-953.343069
-4919.986623
-1308.238327
4534.004265
291.815125
-3270.977162
3160.192129
2226.232228
-1296.511487
2084.732810
17.587201
41.878163
2451.745818
2168.984644
-3156.366708
-96.802921
3457.743670
4030.029310
-4875.430640
-10761.825998
-5107.412666
-2363.757308
-2269.254979
1767.235688
9807.514325
5756.174794
-2898.017376
-352.872846
5706.924366
581.187898
-2297.336091
-827.187419
-2150.691180
-768.301905
700.273219
-1963.474488
5595.832690
4694.549482
1354.854550
4525.834734
-2805.381215
-9807.320079
-2673.947104
-6817.805754
-7234.290171
3127.537289
4013.876078
1897.355776
4570.975921
3578.996120
1195.091730
2002.847126
172.623565
-1891.415912
-513.480806
2554.865197
-4588.497693
-8178.588539
-4184.666387
-7159.798933
676.747582
10750.647372
6448.486142
2882.730363
4711.420368
1469.579437
1431.884093
7097.826776
-1781.164148
-1685.923583
1374.596431
-7660.937956
-6653.459216
-2388.064098
-5726.783452
-1342.904964
3766.033512
-4797.737982
-3087.340520
0.103420
-377.841120
2161.909225
7569.716494
3642.500751
-4038.830161
2168.899475
7588.380654
6791.957856
2498.721123
455.289976
-2084.929265
-5991.536912
-6261.950244
-7089.642144
-2413.863918
-2902.046986
-1291.190703
6841.488248
4994.700174
723.827948
-201.811088
-535.573011
1156.018434
3140.309130
1621.383785
2180.598020
4429.698296
741.224072
95.458144
-2287.791042
-12572.905740
-8153.191284
1471.216679
-5286.440997
-5024.001537
2884.368917
6182.445136
9453.862985
7445.626562
-1089.714471
3366.086370
1184.470834
-2731.841375
-1961.279904
-940.762583
-2820.147666
-3577.527354
-392.328506
-6224.505166
-5007.651616
3715.271656
4726.540442
3818.522697
4063.596935
2991.676451
697.808742
2936.672071
1494.356058
-2617.391176
-3704.941583
-93.764738
-1862.635391
-4099.979697
-3830.353815
-707.727671
1333.467753
-1324.828337
698.364315
3913.962318
5621.610549
3146.932148
-2550.990578
-6364.874498
-7521.488533
2225.667605
2340.873284
-3105.346274
-3051.018999
-111.655579
-3.372793
2513.617787
3975.470518
7047.887282
11189.349885
3599.842746
-3713.959869
-1242.358626
-1890.412005
-1044.359204
-25.408141
647.372085
-8455.660964
-7325.496510
-1169.276920
452.563264
98.777695
3436.759553
2772.563696
4425.931716
-2592.191260
-5703.228458
-482.496583
-3030.099631
-4901.912470
1435.643193
1527.358911
-2324.099627
-680.450903
114.326679
-1184.344694
3860.590088
10675.372974
5130.021017
-296.515439
-1244.396259
1638.842861
5454.357706
6464.789829
918.075204
7537.501238
7781.279913
-5150.038084
-7509.734802
-9306.113961
-16120.858359
-9195.894963
-3822.099929
-5433.499870
-7180.897823
-2435.994064
4728.898898
7168.054629
5136.528083
679.904704
4361.876077
4331.436221
2093.281057
1386.831279
4321.454580
322.921860
1926.259549
6542.329189
3723.821851
2319.210658
6857.928598
489.500751
-8614.222080
-11768.128326
-5303.889328
3609.947045
-1685.548541
-6269.152911
1018.348937
5037.820906
1305.831059
1694.067170
530.825998
-2224.335425
-1572.556850
-2164.703337
-8762.146920
-8828.864566
-4880.010301
1243.464505
4845.535025
270.719375
5472.678700
10227.209601
5232.594112
1384.548114
3912.387002
-2454.169648
-3013.958676
344.464678
792.400793
2075.655043
2069.854992
6889.291927
5632.093472
-3972.169503
-6184.649405
4245.534660
4451.604375
-9789.630939
-8985.832863
655.970440
-2217.666628
-5671.249173
-3987.872992
-6318.426050
-11584.219121
-2237.862370
11023.285263
6894.380059
-907.823032
4617.512690
6163.057165
3940.003208
-272.545358
-1842.050335
3122.987939
910.704212
6845.684597
4160.772849
-3891.474308
-1638.906920
9648.546903
956.602052
-9035.112597
-8441.832754
-5767.002118
1968.140036
859.819156
-5406.302993
8055.916641
8526.366979
-830.376917
8295.701279
2043.374284
-16120.529838
-8946.440270
-3937.374515
-12630.089711
-10984.186814
-835.049655
1349.382236
9814.793006
13851.702370
11691.000650
10045.149258
1200.763794
-3251.302266
2419.672821
1474.933051
-6403.912885
1611.604340
684.358639
-3420.495080
-3010.979209
-1661.548163
-4263.440393
-7090.328805
1067.587023
7407.405639
5588.328214
-1814.447177
5479.640093
9796.367560
-1585.037225
-10930.323474
-9578.774542
-9662.850133
-7632.169934
801.831864
9159.292523
10646.224540
7113.605913
83.356176
-3677.587739
-5515.621834
-7436.039920
-2930.593587
1585.736414
1836.536275
565.885694
631.109099
79.824657
-1454.693700
4862.168352
15464.169267
694.808534
795.549488
7931.397629
2090.299551
-4881.342815
-188.317529
2767.677305
-4074.406641
-5232.881805
-5552.865533
-1149.570219
-750.324084
-4412.117067
-4300.178266
-10895.236478
-17676.024900
-4117.796460
13764.925817
5264.932888
-6561.472787
-2209.732807
7706.237596
13392.576074
7125.737923
6077.684722
7469.266428
7202.306431
3979.581974
7478.545092
-2230.601243
-13658.018087
788.404996
246.321073
-11043.681681
-1921.851723
1587.265124
-12253.127112
-8737.120370
4511.669016
3631.655817
-136.535487
-5844.315241
-6784.842940
-3504.914920
-77.179568
7277.566466
9393.723272
8715.400943
8071.831235
5883.417812
4807.077288
-5794.823911
-13302.688219
-8124.248213
-3213.193442
1665.342376
1504.639291
5476.194525
8634.726574
2906.077503
-5359.817008
-3466.201051
-4534.856238
-5048.261663
3545.720718
-1366.877885
-5594.083397
281.097553
7888.451682
12170.332582
6169.973422
-1557.887383
-4647.804765
-6446.865993
5706.506371
4643.413143
-2869.055997
-1134.794136
-4667.069493
-4694.816253
-4141.581951
-13573.557580
-13835.452403
-1907.264635
3286.464656
6258.492556
13141.684731
13233.056142
10912.048788
674.078351
-9304.852671
-4989.848460
1614.538675
1763.725618
13569.539474
2308.230471
-7759.767899
1203.921420
552.801448
-7237.751975
-5652.450814
-2315.137553
2214.631288
7814.284705
1962.066001
-8436.775412
-4299.212837
-2822.709995
-30.417669
-1302.302603
-836.848914
2001.029253
-2814.672874
-3223.067306
-5745.229982
-12749.385751
3004.474450
12581.910303
7027.975707
11158.471659
14349.071524
2251.514239
-2414.698948
-6513.375982
-6920.886967
1981.955467
11502.274705
3770.003926
-6369.996915
-4324.362746
-896.038860
-5970.700558
829.538987
-532.566303
-8552.774449
-7364.450863
-2096.762910
2826.846781
6915.681626
5266.590082
-521.245591
-8282.988212
-15101.814672
-4807.413400
7049.262124
3288.037922
4980.046849
5712.052123
5744.055933
7995.784312
6270.373044
1072.629899
1548.901808
13196.285273
10878.605972
-10372.981610
-13835.550199
-15595.960512
-10051.722191
-8637.858223
-15321.083998
-3316.124414
23576.128182
15679.866311
3423.441067
4599.532333
980.243593
3918.111259
8926.202044
-7575.188457
-18414.990546
-10836.959964
3515.285254
7974.244156
-4670.277069
-12824.353548
-9718.270554
7058.355927
13823.367019
6743.931285
-3073.590935
-3583.392039
7745.959381
10811.924274
2036.760412
-7613.150429
4121.424564
6247.944591
-6578.605385
-5685.992464
-6872.086696
1526.245376
6986.543168
2848.238183
5287.363386
10610.196971
-4238.716795
-9559.190338
-7033.695256
-13301.244496
-4324.833915
2306.557493
-2966.819704
-2190.855492
2163.397355
548.205436
3215.153665
-468.867849
-5776.058132
-4632.387293
-4245.486198
6830.545491
17115.892622
15861.129843
11539.546661
17250.014610
8659.567069
-7606.154090
-18170.794526
-20783.467574
-19733.639607
-10240.178824
4229.977540
11786.156426
13238.199038
4496.304999
237.901982
693.428749
5318.760265
-1150.752970
-5222.428370
-8004.145517
-7094.201124
-1784.221761
1534.578674
-6305.580813
-4111.800634
-7328.002436
-15994.724529
3858.781374
12188.884073
14052.648696
19661.123669
15218.543940
-5041.156591
325.446571
3340.266434
-11032.334523
3231.854154
11474.331136
3915.964536
-1207.877415
-6503.437136
-18226.007342
-10004.200527
-3867.999554
-12764.290371
-4035.409728
8705.613587
4279.941585
-1984.846621
2490.695494
13154.659917
15375.542126
4778.232554
2340.871397
-11059.360812
-31256.677719
-13365.501499
13921.426181
9584.620876
-3416.914180
6615.567381
-933.295961
-47.677852
-1870.686427
2005.405586
6015.932376
7964.465306
9091.676031
13586.328432
7980.549715
-9698.656891
-13217.329736
4063.916011
3122.671727
-6128.761059
912.885115
-10785.043085
-13896.042972
-14387.954321
-3566.654995
-2747.575749
-3586.197676
14176.412972
29158.454430
12161.697860
-14935.740429
-15762.982836
-11220.770255
-8034.611967
10.224590
-2217.444254
-6157.730973
9817.339737
27340.209839
11460.225695
3588.346231
9272.873735
19071.957020
5599.965771
-9580.334180
-6073.060692
-12537.965772
-21643.607004
-12250.946514
6561.157114
210.049014
-11019.973851
-11744.991386
7241.111669
12628.054117
-1554.304598
309.612286
7437.024857
-9162.014162
2996.416400
14152.472372
6382.169316
-3435.431466
-12767.343917
-10344.894645
-10345.646417
-5319.470344
2881.825543
7326.170982
835.540466
11000.521032
24823.159351
15927.912444
-1208.200632
-9515.384101
-2349.614412
-3840.723708
5901.505308
8172.772501
866.738521
-20496.252134
-20688.884429
-12389.155629
-1578.014224
-2212.520057
8420.360995
15903.126740
1675.254420
-1825.853290
5236.086257
6691.175566
-15627.595447
-15798.857598
8011.603767
13169.240289
-12727.624149
-18255.806117
-1189.293779
4158.409289
13033.830161
12021.890064
19783.989668
7812.062139
92.142674
1055.091234
-317.525885
-2002.776337
3876.497577
1638.089417
-16356.022668
-15412.815050
-1637.631402
2295.764567
-8951.004188
-11760.274995
468.155908
12872.959817
9516.445905
11130.546079
10122.478535
-14647.009717
-7152.886529
3610.843252
-6372.808554
-10705.510206
-1063.866744
9081.832949
2028.913334
-10239.540090
-15598.683143
-2803.445759
-829.025495
3228.454748
1093.390504
10846.299717
14995.394406
23684.065897
28050.730854
-877.950309
-12813.869681
6625.172786
11495.426183
-17812.003526
-26773.945950
-1082.988898
-241.087065
-8558.025480
565.188993
-2499.460005
-6289.496837
-2887.820123
-2923.032764
-6990.673758
-11319.325990
-2283.272320
17494.202290
3263.918333
-27261.917137
-10484.560194
16644.485130
23297.424408
20664.160480
1601.733344
-3711.195020
4137.577840
9734.003801
2421.074625
9818.961068
8290.949625
16374.659393
9519.870341
-15649.106578
-18591.102990
-12528.522508
-22902.806241
-20002.732930
5138.225192
5682.447784
-8298.966812
-12831.458377
-4536.443833
-1363.807400
-1705.693761
14352.173228
9852.397794
3452.807385
13705.837057
15529.041034
7593.517613
-8926.825378
-21523.435244
-6778.656861
11002.427219
3782.685494
-4053.783862
3168.109573
6776.373243
7643.136183
11019.178727
9442.290087
1982.927530
-2861.292793
-422.898138
-11077.141285
-11141.608342
1598.643970
-5883.646528
-24144.193025
-15249.285465
-9638.962134
-230.438559
4900.123637
-4063.400275
9380.211556
16056.894178
4657.730012
17313.451508
15228.402947
-16479.468384
-9818.221234
11388.625154
-2412.073173
7516.599196
16857.610063
6079.300869
19437.924641
3140.058019
-27121.213629
-9976.826734
-3424.771709
-26965.732825
-16949.587869
-944.348175
-5120.665137
5897.694116
5990.750537
-23543.360670
-3612.957055
15495.046975
5394.901165
15692.748789
19305.810357
-1809.505888
-2580.519223
17660.491221
24032.562830
22225.697608
1497.934459
-17325.011704
-12373.079494
-6983.861997
-21689.964372
-16883.196092
3680.406342
5764.978862
-10817.815643
-28107.183983
-16509.567556
-2910.569587
2100.893846
-2495.412431
2627.674311
24100.964696
22355.845031
16133.465317
8323.298815
4321.846744
10569.072668
20494.801274
-1006.397437
-14979.780211
-21158.357530
-23443.699740
3812.541396
11182.006989
-5805.338719
4308.602785
18462.747292
11224.555756
-5543.725138
-20360.840956
-9235.410507
4148.117309
-4741.473992
-11337.213197
778.656602
3792.296979
-4905.779237
-11239.804851
-16590.479601
-18678.272672
-8447.108841
-6620.620733
1558.429175
21809.101804
42935.504818
41932.580345
16343.592333
18217.872641
18120.077723
-3633.431442
-10958.923539
-14930.135815
-23972.981764
-16277.392910
-11352.250106
-12509.410180
-11082.727485
77.884910
11483.202378
3486.618631
-21866.354428
-16901.731803
-7596.022179
6975.881562
15422.174881
7440.358606
6564.500442
12339.674447
11140.324313
5692.376268
-10440.749039
-26089.573101
-4446.432117
15375.866361
9662.772164
9785.664307
14358.790283
4056.510339
5790.798064
-8861.165691
-18234.785870
-4439.612608
-10609.388036
-3111.360621
12501.779293
9800.034129
8822.846646
9832.129423
-7289.298377
-18332.159194
-17436.674132
-4816.791142
4111.816690
3832.188460
11314.904899
16161.745782
1410.406856
-5710.905892
-8828.275822
-25993.026308
-23874.937993
-1074.681149
2279.918296
-785.031663
2728.068261
14509.780998
30626.883254
21754.975549
3602.874039
-1434.744119
-123.916497
-10362.075191
-8743.203072
7722.833255
10883.988417
1433.138925
5971.423616
8549.776067
-15041.009672
-16599.012755
-1861.224095
-5822.513302
-15838.128252
-3371.796210
7499.582708
7344.224243
7037.208235
1541.887552
-14974.786385
-20426.878051
-11682.352034
-1381.490998
-9587.898123
-12713.654585
5726.729025
19611.312896
27368.385128
24946.514160
11804.286074
7167.976321
8773.316647
3839.354578
3679.130812
-1357.068004
-4253.081970
-8970.684986
-11611.705517
-13115.807332
-8174.612485
-3565.032723
-4257.711491
-4410.180324
-3391.051739
2825.711289
9694.010732
-6720.459201
-12334.653436
8722.340047
4260.464908
-13295.020420
-4309.604502
-3933.019265
293.797880
7276.294898
-2516.254404
-81.879149
12335.479755
16657.329234
15252.429046
8671.372717
8839.564450
4631.923611
-8344.827950
-15155.224987
-6633.897125
-3443.703717
-5157.682505
2927.338668
-2049.475257
-11004.849156
-12164.749533
-2172.634263
2170.682571
3651.402437
6470.596071
11921.766261
14947.503677
13095.788011
4255.308022
-3327.782524
-13582.565678
-18906.441520
-15183.854264
-6149.861405
-7404.581190
-9653.722161
-2573.957444
559.623888
1658.486900
6700.245955
7826.009719
16455.067296
4678.015789
3543.376733
20693.127220
19798.062869
15611.912638
10504.864280
-895.295426
-15521.960892
-13189.857793
-23617.387939
-32446.638175
-18749.426811
14.570945
4401.974087
9500.013565
8659.817524
9465.654993
14171.522751
-5479.479486
-6721.844379
-3063.274513
395.867361
8106.357567
4312.289998
-4073.313133
-12095.799352
-2910.469889
2852.652306
-11660.388605
-10151.508512
7220.888406
10431.472470
8452.312443
15737.994941
12404.111509
6169.337745
11045.650358
5089.298103
-10578.666864
-14057.877991
-19425.942752
-15636.220812
-3955.304144
4375.781517
11205.967233
25580.894680
-1600.141902
-12726.165026
377.568766
-7562.315100
-13064.850227
829.669404
-2786.270800
-12280.934678
-5022.738361
6213.340372
14226.347845
12988.689522
-2313.348554
6886.515633
-2308.327454
-7356.503980
11441.114192
-5879.544903
-16234.028334
12273.265430
8665.122138
-6170.971728
-7513.960991
29.926405
7694.714330
8142.254352
9397.049767
12614.629331
7512.675549
-2674.115454
-11126.409716
-4913.438497
-7709.511260
-6803.649563
-3580.142324
-14432.805566
-12145.889803
-1357.181515
11651.761325
832.274155
-4748.229539
-4354.745468
381.900194
-6383.493333
-15953.432477
-10974.310655
7964.525710
23829.720530
30640.847811
19715.209578
12515.832531
18338.031188
8001.540870
-10255.648283
-12757.688294
-4344.377965
-5831.809848
-9484.871500
-3461.176000
-17999.162745
-10477.379932
-5245.463859
-19435.187687
-6304.332241
208.289491
-6514.460062
16539.875172
14309.623928
-386.624187
12530.437274
13101.119528
7628.928648
1235.159506
-15937.390472
-2243.798785
1765.704087
-8602.537513
-10646.529800
-3616.793123
4932.373011
5287.583542
10081.388292
15417.369899
19975.447230
13152.693604
12137.293513
-7149.147837
-15476.263995
-16584.316138
-30753.549985
-20810.855462
-3230.147669
4503.506246
4502.211094
-3814.649151
-4868.567216
4147.964813
8194.903284
10252.652207
21070.515469
21699.717291
-7282.270225
-8957.610126
-4802.022021
-11048.470880
-11158.840336
-3133.286443
301.749799
7875.554615
7441.257586
2773.156848
-2665.274521
5745.125363
7167.239212
7398.495983
-3057.100102
-7594.422881
-1658.681396
-3549.406582
-7044.248952
4776.722659
6307.238303
-556.583929
-9041.701035
-20472.028136
-17026.423878
191.036772
14821.293475
17801.060295
5075.214425
2480.814849
10971.277213
3397.282503
50.813860
3420.382984
-2861.040150
-6594.216147
-12362.165727
-12091.544814
-8095.402177
-9305.663901
4755.904395
12496.175920
7156.149912
4868.686718
10120.017052
8658.959525
4214.212496
-5773.870086
-152.725984
8076.870269
-482.147852
-11166.804524
-4297.148822
2709.471659
-10364.953207
-13863.122697
-3737.707964
3018.953107
-3581.749715
3652.913100
4539.309487
-1625.796075
-8413.715688
3864.848028
10586.128156
3148.774451
-5714.529679
3546.380410
11372.796296
-1475.824268
-2637.130277
4849.219924
672.765702
4413.064448
15947.611273
1674.231798
-10114.174576
-10048.531446
-252.422547
-4181.977327
-3603.287274
3766.632668
-695.283264
-11778.626465
-14417.468745
-8587.155997
-138.289084
-3259.364016
-318.402811
12010.086290
8272.046252
1154.915472
16271.468425
17980.188412
-964.837140
1496.910041
9168.258019
2466.518857
-9545.440879
-13107.884501
-5485.120436
-4355.944495
-9476.559750
-9108.284479
-4594.890572
1909.696273
5590.039735
10060.799335
-6342.034762
-10044.474209
3758.341376
16060.139193
4471.892091
24.649089
13898.625714
11255.489865
-1491.788259
-11777.957264
-14179.705472
-11918.686183
-5207.934854
2727.325029
8254.285653
-2155.334740
-8315.480972
14334.977088
17502.267114
-2750.337491
-3931.433979
-5040.962035
-8388.141982
-5242.810066
-5878.097191
-7490.309336
-3855.611946
749.936657
8997.157893
13988.818461
6049.762785
6267.783068
9221.284062
-630.656954
195.040002
-3316.762841
-3048.720774
-1288.175423
-1545.581647
5551.329434
2171.003235
-8358.830268
-7931.505805
-7285.887904
-15823.086343
-10175.784925
3445.526848
2264.155253
4228.891773
14810.308666
12674.608020
3963.637849
-3640.100465
-7694.708217
-2197.957945
-1190.388818
-1592.340235
893.929114
-332.763633
-1668.542828
4511.619319
5357.271001
1314.260794
8999.539711
10845.423693
8058.453862
3409.315362
-7293.135145
-6827.777467
-4879.297012
-7199.589726
-7171.934171
-13104.338612
-7385.319446
-4776.284364
-5796.697169
-11055.337198
-4168.320445
18266.079056
23997.763745
5781.653349
-2482.177356
4709.659316
-715.433008
4204.345092
-5577.924014
-6804.142369
6985.463093
9453.434739
1007.855877
396.608319
684.639364
-3515.136106
-3860.134597
-6559.273434
-5067.921616
1585.482460
5346.823738
-45.832003
7032.016898
1247.233455
-13001.897998
-116.081421
1967.884942
-4662.551617
-4539.044013
-3818.453330
-5126.737590
1983.917795
-5199.152414
1906.925068
19050.131357
4352.269708
2116.496187
3209.423893
-2201.851488
-4859.678662
-2304.031605
-8163.321022
-3941.302869
10381.728670
9823.104676
363.189564
-2754.108886
4503.598819
7825.014823
5642.947979
-4181.548118
-14158.231291
-7441.257609
36.958084
-415.826893
5628.616215
-8173.720119
-11525.874539
9585.015013
-434.681146
-12823.902189
-4136.436888
5322.858296
3224.588083
8720.355119
2750.979271
6334.494648
15784.499535
5034.502118
5822.203197
3049.455728
-12677.350477
-7022.162991
-4901.248255
-13137.498954
-14505.156679
-4238.715034
2652.124735
-2435.008501
-3046.994759
10557.444332
11593.948954
10706.882215
10285.108984
1482.665163
-3884.146620
-1357.265925
5418.656626
6992.097827
-2677.118882
-13958.316656
-543.985064
-2036.855091
-16706.524191
-5998.841508
-71.126604
3973.120914
9534.103458
3262.106099
966.601663
11464.750024
1802.156701
-10910.911806
-15243.464149
-9325.158277
8427.378081
10379.386815
-3240.361962
-5410.827951
-612.842941
2046.716311
-5909.178344
1433.189694
16737.371072
9351.615040
7823.875838
4903.818076
-1663.065161
-1516.293526
1836.467712
4011.227274
-2013.664352
-11757.270179
-2821.993267
8195.666736
-4060.565844
-12241.837369
-13294.974573
-12495.032776
-8185.932853
-2648.789327
2228.013748
-183.715809
-1542.581442
7232.912089
6411.094483
5704.046294
9238.537539
12343.021553
8050.686407
-3802.555076
1474.057636
14065.690250
7818.592557
-1765.356737
225.501680
-2968.648263
-11408.119388
-5334.516495
-6039.464923
-10692.933692
-5143.198288
2674.560254
1188.865553
-14071.588418
-3065.200732
5707.115868
2826.277534
-889.033617
1257.042885
1809.791070
5193.276762
6990.371395
6373.206855
-6725.035854
-2944.456942
12252.923371
12788.871204
148.953024
-15323.741057
-17188.381808
-1839.854431
1075.901403
-7918.744842
5845.549582
6878.577303
-5105.634562
4944.670708
13587.510400
-229.482063
7941.562290
13230.404184
1762.379659
-6759.036167
-11355.114235
1465.208403
6904.383206
-14624.698538
-17143.960208
248.318714
-10002.436235
-12707.573700
5616.226145
11625.084315
10624.121969
12381.942405
10193.199419
-704.535730
-15252.589504
-10520.178458
-4998.499356
-6757.532633
-5431.988162
10463.807552
19447.857714
4418.859887
-4685.419883
8131.777720
1311.730474
-5761.361608
6572.416676
-3156.581209
-3367.784501
3026.038524
7206.035118
6101.399548
-5393.521390
-11237.207514
1044.951343
1903.827508
-9422.625117
-3933.729589
11280.380406
-7573.637608
-18900.173020
-1822.551494
-1221.718641
-7552.197535
6490.109807
15381.636396
-477.407853
-8353.120481
1378.217489
16114.256000
3303.581589
-2021.570034
9088.883849
9470.616176
-2061.862093
-2371.790370
3279.547296
-14560.566845
-4973.224889
1631.068032
-3051.434737
-5409.485172
9382.955432
16080.694467
1603.871281
-6142.858038
-2560.140937
1106.038109
-8623.517241
-12837.342522
-8070.528643
7558.993748
-106.116330
-3521.163296
1311.056004
-4601.972824
-7001.943033
6588.210954
12156.552178
302.716458
271.992920
12459.778755
13010.387833
-4977.499996
-15035.103344
-3489.192532
-3878.195917
-7692.022009
3877.165294
6704.505859
9537.228748
14571.474314
14190.783419
-1014.095591
-18035.700199
-10426.086772
-3583.604237
-10674.001084
-11163.370925
2705.012160
15683.634196
2726.394359
-4844.474975
1667.016455
2987.610996
1403.339381
1196.816534
108.861753
-1887.813990
-1359.227446
295.770844
-3259.152024
-11123.922382
-1437.217855
4775.351744
685.308179
-7134.065875
-2579.569249
1613.897922
4131.354372
6086.934966
5664.161632
15684.092859
12669.097099
1046.872471
-4797.687737
-3121.332806
-4937.713879
2236.651007
10860.984049
1472.300567
-12473.955830
-13657.875817
-6722.809787
-284.967618
-15206.110476
-19380.147251
537.615635
9885.092267
10668.531236
19418.715037
4862.455842
-611.097239
4197.028304
-815.091737
-11971.819819
-17233.141233
-9860.396059
-876.852167
3509.936743
11617.350228
15810.766172
15684.017484
14389.575973
5556.950974
-6095.945980
-116.500308
-2386.608965
-6519.729551
-10119.213666
-10862.416479
-455.360491
-3614.796733
-4268.865680
-5823.100202
-2385.976231
3297.107262
1895.693649
-3848.920767
7406.755089
10493.413323
4312.134338
3156.638210
-1563.210111
-5883.567570
-8055.802459
-11376.416598
-9087.459102
-5639.434363
6049.577248
17551.967148
13119.392752
5577.683661
2586.032173
-6240.215440
-13636.466413
-6302.277769
7421.107172
14058.011725
18566.522853
18224.922481
4495.931587
-7494.436286
-16782.095534
-20175.847333
-10720.677366
-9049.169668
-13604.992013
-6893.681143
-6.818560
1863.028263
4114.726033
15783.546284
18206.635165
11903.960069
4681.817522
-6377.900844
-24484.536524
-13523.374741
4625.033047
18836.901958
11552.900338
-10814.756884
560.853075
9904.515094
-9186.575721
-13608.054624
-4927.808482
4490.529460
5369.372041
5833.620602
1848.272082
10993.787755
14635.097619
5703.805197
1332.825270
-11378.149485
-8598.104643
-7418.432147
-2862.050681
-8719.428885
6238.641979
-1920.991132
-13337.111198
-16402.173274
-8440.305843
983.249435
-9825.855574
5240.910270
16957.155144
15493.844241
20802.498048
7863.666249
4755.038186
930.266293
-6615.002413
2836.209563
3380.552309
-14127.488423
-9039.628575
1276.051888
-321.788850
11180.267429
10796.061504
965.266410
-1092.681196
-13346.279229
-31151.364928
-22091.137492
-3760.009099
-122.344028
25214.504051
23988.812240
-7362.189223
-182.633496
16413.400307
-383.675914
-14964.251826
4154.075207
7032.963329
1027.808074
14155.089305
12955.009122
-3582.384132
-14801.933342
-20443.267540
-14677.905143
-15561.772470
-16806.946764
9073.571502
20463.637566
10165.112491
15978.895578
16418.961353
1948.555837
-4743.212534
6294.896778
7579.672483
-10161.646811
-12256.417148
-7618.726279
-1830.310163
-9024.147722
-11283.249991
5483.884321
-4879.527672
-22541.607952
5131.191968
20271.232586
15333.064113
6973.124457
-749.939899
9142.001705
9041.019335
-41.686170
-4669.822573
-7343.070121
-12450.646505
-7459.259067
8207.934285
-5963.791473
-8898.532870
8369.379893
9007.260821
-7166.978319
-1356.042182
10968.111402
-2293.091191
-5766.883410
4523.977594
-5580.600567
-7604.363708
3169.301430
12271.579952
6895.101899
-5913.850285
-4363.533545
-2319.234509
-15995.885046
-10827.199821
13369.521781
18144.008753
17934.836117
13458.772251
12.655575
-17443.968297
-12599.957735
-9982.885397
-5865.745307
-6561.016996
-6286.267007
4284.147310
13509.151022
10279.191445
4602.343607
13270.898896
386.400251
-12108.694679
-7733.990242
-1100.718454
-9959.499372
-12305.349022
844.932541
4725.532056
3736.397648
1983.049329
735.571085
-2243.313569
-7681.210083
5845.138749
18582.110578
16392.239690
8759.415656
10956.967556
2767.932168
-14761.678218
-9349.371483
-10135.820365
-13529.960585
-11534.867613
-4166.672774
-2569.622276
-8287.498534
1591.308089
16054.274005
8925.866348
-6804.421710
-8320.099001
1814.305256
-748.835190
4548.778528
26009.715983
22123.158033
3048.056855
1747.856431
-507.041129
-16464.445990
-23563.989682
-22137.355744
-1586.432589
3698.489663
-11036.299491
-961.544634
7597.112156
5598.927093
5342.813040
9634.378609
16783.771962
8570.643658
793.808381
7216.358897
1513.163796
-2558.977759
12555.674197
2870.032928
-19732.760160
-18814.766781
-7322.361305
-7948.436567
-18325.727190
-4753.865120
2234.992718
-6837.127452
-18405.210625
1540.368730
13788.015751
8524.087681
27141.084119
32711.677796
1164.135667
-2221.703061
10772.938304
4506.494922
-9788.545906
-10794.446850
2015.511103
-48.316677
-15390.575299
-8369.274379
-1011.448538
-6312.917477
-15637.982865
13123.552678
14495.930403
2049.944313
6102.811615
7637.525344
-11573.506461
-32813.428105
-11410.850231
14024.848645
1255.835284
-3346.932668
13836.404474
23970.762868
9946.069499
-14382.876417
-15714.362087
-20013.637317
-17261.604356
21250.719185
30170.500232
3421.166640
4887.286184
15789.894672
-3284.341360
-8550.727959
1279.941747
3203.163833
1811.660801
-14044.279473
2084.153308
6141.105885
-21398.710584
-6081.029569
18060.427634
-4695.255149
-29520.326753
-25672.400977
2790.492841
-3400.626772
-20782.114933
20461.522617
35970.352966
9912.786731
211.477242
20391.755086
36038.267375
8439.764704
-7716.774057
8718.042459
-5117.248285
-25469.510629
-18103.221518
-6977.576594
-21384.836443
-5416.472040
-2930.335541
-23885.423781
-21494.826326
7760.404215
25866.677402
9729.363258
-5171.598579
21374.442416
25717.340078
-8110.319337
11145.649979
37271.489317
6097.517844
-15014.592040
-15519.598618
-640.239345
-7005.414041
-21501.172849
4065.195660
8635.549876
-27851.907000
-28282.471618
-976.751268
14014.885009
-14563.615004
-14821.512798
20364.134452
26416.019297
4632.817439
8923.736399
12077.922579
3086.772836
-4762.562748
-5851.735958
-4056.703253
-1672.893317
2015.543516
10704.715881
1215.534640
-453.010215
4285.882674
-5331.912378
-27809.410291
-187.659227
13631.648877
-3280.563862
-13782.013542
-2937.328947
15632.745367
15490.854681
10356.862832
25416.772590
15109.319874
-14536.833197
-25462.557914
-16629.557543
-27045.031514
-21611.203561
-7027.075818
-18756.448182
-19900.629451
3201.064893
27298.042005
23494.223216
11139.523139
19671.042202
29063.269785
6532.584087
-5768.269478
21930.597022
12682.009666
-6067.319867
13696.388953
23856.063693
8327.693539
-38862.860565
-26054.736890
-32640.183450
-36161.431039
-26632.318809
11895.554304
8314.102873
-38261.555613
-21540.614172
37584.532379
29610.414248
3865.080367
14991.868011
31264.471099
9214.626169
-7012.521521
-1946.903347
-2075.768337
-32428.963423
-21631.087023
-7136.211308
7709.915704
27028.854598
43676.250528
25711.140973
872.589260
8232.209557
17117.174444
5802.941775
-30330.192649
-31844.534153
13455.942188
-10141.498763
-60897.524493
-58413.571837
-27533.854601
-14346.951245
291.721540
57984.126364
93544.078365
31554.384959
-33353.813639
7495.555113
-10200.218244
-38376.580351
-21067.277944
22130.978610
8348.351438
-8008.200609
38268.377970
27580.905836
-5518.945079
-1963.907203
10292.507216
4573.815776
-24456.399878
-10731.581746
10671.048114
-4491.848057
-18491.308712
-7290.261768
-3128.719830
-25866.703155
-11541.213121
-12436.357691
-4761.355312
-22434.268728
494.444956
25855.354685
43248.471593
13404.463186
2789.462073
12940.937858
12927.701547
11868.859733
19258.093771
6539.999478
-25278.274922
-20914.499048
13313.047056
13164.980970
-12461.207691
-14841.134502
-39122.359468
-44658.246737
-12436.420644
10108.173418
8802.325685
5720.406649
34887.304253
41701.634286
-25599.726145
-37150.914218
38486.147399
53006.525262
27399.496545
-33145.191134
-14804.261695
-8885.274887
-63198.653533
-58628.946068
35778.616275
59233.419517
-25653.914545
-9070.295039
20399.460529
18135.784506
-8910.785000
9406.003092
60396.646655
10306.708003
-27071.779355
11112.774631
33323.771515
-10410.364709
-58890.236619
-34242.190448
-24804.894233
-24288.353433
1409.394044
10475.907213
-5006.022918
7905.464603
5490.765958
1558.410664
-15849.816880
-61.854396
23137.802509
5507.292828
-32583.475405
8258.565666
45928.383985
47839.770421
27370.999473
7406.847233
30171.039867
-8709.276816
-20763.552965
-4361.700426
18503.339470
26938.114422
-15114.379169
-16001.002892
-86854.673464
-65116.812374
-13004.468091
-15127.524816
48906.292021
-40130.233312
-88282.093190
-17735.408089
5246.877728
36480.173083
30219.954183
46035.458129
66588.216344
14049.852019
42720.828343
61500.290651
-4039.758930
-12156.700708
16780.152241
-6049.887821
15131.246937
-5747.560989
29086.769436
6798.097559
-77867.889517
19558.975852
5077.828382
-87166.635816
-88450.929391
-99786.113244
-19659.688809
49011.531716
1865.041439
-946.443443
13761.507190
-37503.654898
63178.317321
74712.421765
50741.965693
8099.906501
-868.521539
10778.015521
-2711.346185
-2614.729580
32180.779293
-9471.631006
1368.406867
34716.091739
-22128.424826
44581.317822
-18404.456401
14025.885259
22616.931833
-7539.593102
67295.086636
681444.019298
