605571.012148
-14751.709263
-47127.217455
10489.777554
7549.593398
1713.372970
9749.085520
-25928.376962
6646.779795
4083.780657
-8103.013338
4084.882061
-3119.526795
6344.350588
-9180.586833
5280.029214
4903.912177
-207.305182
-4384.518902
7332.720340
-5314.664867
-11005.662542
2766.219912
-763.060075
6135.101113
-2076.937219
7904.954353
997.273284
-5443.487063
-5175.236442
-5713.198163
7558.177798
5637.314014
1120.924566
1175.061785
3096.525356
-5530.325100
549.042140
1595.761153
-3901.505212
-2979.316680
4612.731627
-5474.735064
5160.936779
-7858.264281
752.533365
4172.842167
-285.711332
-5521.634171
6204.250717
3912.116044
-3050.724411
8050.041555
-4458.990101
-1742.164773
-781.701110
-92.748641
1686.974206
-9971.166694
7730.754753
-2332.025580
3955.508572
-2730.196200
-123.945917
-7417.547875
4141.079145
5788.944553
-225.107200
2430.670116
-2121.072955
819.178162
-2438.039114
1439.081053
-1520.143558
1568.738036
-2646.572726
-1249.363629
84.388501
-2849.963763
4670.280974
-328.664414
-943.820902
2519.148992
-2683.158038
-4551.877673
733.134379
1698.294357
4383.087257
3231.404993
-1214.047032
5088.013760
-8126.155395
-1235.650788
-589.232535
1159.601683
-3072.622314
520.874101
3867.411800
2528.079855
-3084.716164
546.283995
-1473.095483
141.976409
216.452875
1802.660265
-1223.387933
-244.373874
1218.377100
-1537.965337
-1140.644352
-929.833672
2583.840612
-328.110383
-666.829916
-1160.483601
2001.295601
668.878769
342.614773
5184.811214
-5218.887396
922.889660
-1601.791479
224.760527
-1482.318499
-674.645471
-642.686597
-1076.959488
1261.086476
-553.178192
3901.933273
440.907512
662.828300
-2620.935145
46.417979
-1507.843137
2049.095302
-378.441075
-577.716757
2524.089632
-830.103718
-1648.395055
2213.736179
-1560.829673
-1004.769490
-1679.876089
966.799722
-2065.360601
-7575.789248
14751.475257
-277.162210
-2409.522797
922.492829
-1622.568142
-1754.481011
958.242318
-988.846885
960.921185
-1246.482674
-845.781912
659.064271
7761.116057
-3469.340191
1374.532823
-3998.618677
637.937450
109.962530
-2117.923103
846.487984
-153.281115
748.135468
-526.908401
1761.283187
-390.913042
-2149.071608
1453.313421
-148.983765
1553.212947
-443.970684
-269.884180
-1221.443477
571.755131
161.582380
-61.427935
882.072740
-196.962507
136.381721
1605.809338
-3708.840174
296.022826
-144.455901
2193.642350
795.966526
-2006.381307
-2676.598281
1656.280869
-2457.938992
4508.261125
788.339734
258.057405
-601.127606
218.673972
-2418.746175
838.392578
-163.483611
2588.616727
-2523.735558
67.237524
-391.013551
-235.610531
-1197.290332
1844.086952
-165.623426
-1563.902067
1148.969764
-2552.185167
3229.692319
-391.848760
1664.913278
633.654793
-139.465141
-393.590415
-1227.875248
547.887685
-418.950282
604.540610
-1095.501597
-1209.519981
-1284.320391
1750.209017
645.279488
60.386747
-115.031789
-358.289958
-1355.092686
1764.635185
616.533796
-472.133429
577.922488
-1093.840621
333.285866
942.665825
1378.632980
-1496.753489
1072.673216
-1761.825627
908.303948
300.356690
-1808.131892
25.012904
1232.351007
-1358.733098
-1310.516768
323.196193
836.274196
440.094073
-945.050733
724.160850
961.113062
-1264.085092
2311.346270
215.239477
417.352227
-891.027014
-382.314613
-10.300558
-836.545435
540.255448
-739.051729
-63.455704
-447.495370
1248.035559
-487.477478
-514.149248
-321.605645
551.938884
50.316716
449.939896
853.491092
-440.430631
-46.276600
-615.860352
797.247561
670.036699
-246.909736
-1308.128825
1253.422959
-810.486052
438.721002
-1011.772799
-58.467673
875.034250
-825.414637
-303.961759
-689.461351
1644.616858
871.026099
1509.419352
-1994.245628
-487.193380
-1140.167342
740.449460
92.209714
939.989278
-35.535634
-348.032116
-519.308293
-508.480773
1143.742489
-471.717141
495.219757
-396.899542
-904.398502
850.749473
-140.925556
-764.878987
149.484434
1464.048793
-755.068171
270.808688
37.529311
-2.787153
-351.388780
281.106990
641.417156
-1235.647894
-972.671858
1160.468417
217.983629
219.864289
363.826692
1058.505306
-1026.658773
-564.987497
-115.626760
-1303.748399
644.640390
294.583932
609.909707
-1111.699185
205.447073
387.591734
210.062583
-856.811460
867.472147
942.843644
693.084906
-1312.738140
-15.464495
405.717694
-561.399434
419.400139
27.660291
345.403558
-1053.651748
-643.221593
484.004040
-577.473858
-533.765808
726.113021
1024.478741
62.460717
-699.254943
164.510643
1643.258468
-727.771921
-905.764877
230.478231
688.399945
-878.653289
470.347871
190.656097
-1021.134303
449.214009
-663.154119
645.100624
-187.468287
-263.238981
465.315737
342.269701
-1053.266525
1424.781154
372.147988
-1455.150810
28.185860
179.048511
-157.775450
403.962304
-615.345124
1338.269071
-92.394730
379.667040
345.016340
-501.330477
247.783998
-2347.858488
920.660726
94.025436
530.999349
-1016.560832
366.385890
242.210507
377.851058
-644.026740
-82.860883
488.032205
-765.255694
346.931845
1610.828775
-616.379633
529.085465
-258.480543
397.225672
-915.856502
-176.787677
-298.794564
-41.247758
-757.858605
-340.761085
208.705624
324.544274
383.309245
-95.887674
179.552623
894.204256
-73.686613
-947.392192
594.456789
-203.418120
165.051578
732.384327
-442.397338
-248.901036
-232.459441
187.406678
-750.925446
210.113715
-163.133979
-152.996529
-72.862201
309.628143
228.784046
-82.668897
211.276683
715.908664
333.002887
112.813406
-198.093396
-1223.903913
-60.441174
-574.503938
641.748515
-290.862118
-1.294180
577.639444
765.448720
-73.394237
-594.132819
275.382090
181.470138
-456.216455
452.930224
-512.447383
126.885587
-482.646043
-315.690563
-325.134785
94.729043
376.920275
677.425073
-367.733326
-211.937972
860.112092
674.448748
-101.009996
521.470675
-262.474930
-658.180391
63.131995
-1302.541307
-578.274352
-36.790579
-140.107129
334.437387
-337.195713
181.161897
1656.640468
-63.071894
848.903566
248.047144
-932.880365
-78.962114
-430.149438
256.570382
-7.040334
-577.509387
-271.459754
-126.172876
897.031339
-581.686463
-478.061684
357.504297
-326.361813
138.818221
787.004014
-605.377183
501.662678
-609.851181
133.863382
18.231678
1216.149219
316.799367
-53.224791
502.969300
-879.853737
229.121570
-1011.752133
-371.271896
-22.731337
-131.360192
-1726.052322
425.245704
1116.904102
1599.605854
1050.149318
514.644438
-1020.524098
-151.483194
-209.535004
-2421.287279
539.949206
862.530158
-717.635687
520.325324
47.329949
397.605051
-1209.199608
604.307431
1256.036107
-476.460778
-569.408160
2547.457196
-1475.160328
-970.198765
329.444134
-580.605593
-1356.279861
882.598346
445.499328
-1015.050957
963.827992
-77.461845
1121.235233
727.092907
236.148790
-1096.056565
368.004353
-1513.034245
585.310146
347.734900
-1334.553721
430.109857
57.750225
60.954633
527.298848
1296.659106
-245.923418
402.983556
-397.121873
-1283.089771
-820.583521
-707.395176
1513.725133
642.600826
405.908447
324.905772
-242.241769
-745.535131
-65.433360
-436.798538
232.617092
-217.767816
1109.288780
-598.299611
63.616048
-878.032560
96.375737
507.197222
161.643862
299.541396
-975.781780
-692.599905
697.913926
409.366526
766.650892
799.622878
-337.862901
-308.271948
-274.614010
-381.442318
-102.859429
-346.636378
317.515601
328.272180
-413.269467
404.010411
-426.120268
-1669.121562
486.502809
-261.419653
1426.206808
748.412566
718.837885
327.567987
368.548967
-855.455810
-847.070572
-520.479273
-635.671236
-492.013837
798.092626
-171.907305
1028.016447
-695.085959
704.195487
893.305308
-272.114719
66.216456
-680.612095
-482.321391
1020.814769
-1350.270466
-426.235575
-117.838867
921.575541
-1658.507428
1456.510514
759.945357
-170.233147
440.550360
474.963598
-441.945979
495.043746
-737.300495
-5.674558
-148.831689
-13.771369
-158.511394
-1203.900417
-210.290517
787.018124
786.488241
-981.785108
1760.713618
297.563499
-2255.407828
1721.966975
673.208252
-850.885822
-604.656142
479.779279
219.206691
-789.666741
-731.167343
-567.522486
-767.384497
1320.847889
423.303201
1298.977589
27.676553
1061.362121
-1404.715373
-47.928243
-1259.755383
117.321829
770.054599
-768.293492
176.101703
-1023.939416
387.927684
1474.793304
303.012782
754.246482
-617.856290
-541.898623
-364.588704
-225.346360
-310.324281
550.858616
-1309.953319
1551.910152
117.667919
-244.202901
1058.508159
385.593245
-966.537338
-931.148955
-521.561363
505.870117
97.748977
168.522477
-1112.817396
1316.762529
-461.080331
27.693708
998.100584
626.965587
253.321495
-803.999632
-617.553589
-48.407265
124.669282
-1071.857303
-141.475569
-731.459603
158.047317
665.915452
-133.118722
2246.798579
-1879.673004
2253.881400
240.815915
-1382.428396
453.046895
-1308.985712
274.631112
1274.715634
-639.080337
-923.826419
396.168688
-115.369879
-265.998575
-297.551769
-510.513962
299.511400
-801.891226
363.347458
636.830237
488.114011
570.079969
497.535031
389.337627
112.836593
166.705226
-540.353741
-1030.094649
-99.406740
-1100.995052
-256.608461
378.235373
-20.813789
1356.393197
-653.506635
1343.785393
-349.564778
54.945651
-1298.155413
720.909053
1040.595532
-274.194933
-585.372317
-972.566820
50.348699
111.912946
412.611391
40.973786
-101.206659
373.106169
792.521872
332.566540
-316.034577
-735.447785
173.544021
-469.288988
-513.948459
-141.130691
126.515902
570.129943
-606.914355
-608.731365
349.038666
1157.668607
-132.523954
1158.498540
-1018.656367
798.119473
191.425764
-70.333491
-1475.797487
-220.727959
230.080009
938.751130
-652.702776
475.707417
108.623355
-404.651610
-1077.802902
860.732826
-448.493774
-380.822866
430.549201
637.137073
-425.705789
714.084684
1062.359329
-1171.373286
479.235294
-54.570271
886.580532
-814.574553
-76.629304
-250.719163
133.388535
-1334.376943
-188.855731
7.493341
-601.809375
-20.009990
-172.402147
643.683798
1365.126570
66.449046
631.343566
1082.573612
-107.654288
-235.752898
-979.306615
-842.099637
-748.591109
54.815286
-1046.268538
1007.548185
-80.048918
-41.831826
-651.797408
-79.611038
986.583123
255.682169
1392.543240
131.360073
-298.008494
-289.459603
288.090319
-122.126116
509.958480
-1434.102555
-921.452892
287.222496
705.411091
-289.207998
56.541109
326.235827
-672.385111
429.613778
-228.828311
1097.371614
-354.780075
-394.604095
1038.139652
536.679713
-315.485921
-661.912974
-1938.370699
880.355549
783.963057
-1734.023971
1145.798542
705.888781
-1016.721373
1187.766649
662.461737
137.799827
-1220.307884
803.073374
-979.316605
-1027.871928
-334.875994
265.798158
1064.429531
-66.101401
736.524843
-620.421404
308.910126
60.905541
-94.568166
-470.313184
584.016153
-699.193021
1317.746517
-554.651076
-270.264163
1459.143454
-1294.670250
92.001815
14.038582
-693.021003
1187.631612
-813.603311
-1120.054113
685.539205
-338.546173
455.618356
735.570317
172.837341
-93.428627
-1068.952744
382.906395
-116.686970
-2.438501
157.185441
936.948086
-882.718382
689.360696
-79.602025
-665.749012
847.765569
-469.832558
192.903099
-1953.530871
298.556085
-942.516266
927.245496
-172.573823
1725.360877
79.347078
646.161273
-603.340677
-1079.798222
2136.834475
543.498693
-896.399637
-498.829169
30.640975
32.728182
-1030.588262
-1015.218835
147.115221
682.308964
530.547890
-131.362041
-71.835974
-1186.351929
116.204753
772.213602
499.661303
442.602624
194.964389
549.672463
345.968997
-854.764538
-415.037354
-238.644281
-840.964467
53.410372
-793.524561
1253.134801
-301.435915
-273.735918
1205.805860
305.237326
428.455990
-175.106638
-413.438887
-107.190537
-757.697604
671.531618
-1100.585834
945.206615
314.464013
-1421.284354
1321.005216
368.026098
-870.426760
981.986728
-199.694688
-1125.291257
944.679853
-1659.401368
903.460603
-472.895062
661.867536
85.500664
-170.786104
-274.823080
175.899186
110.550966
344.597108
1164.196259
-277.806111
-558.887307
266.475938
-695.849932
-442.439326
581.401492
-1143.423331
-108.976952
1009.185704
762.951616
-1187.103662
403.965004
414.788002
-777.808854
405.804791
711.930486
-1384.820416
365.681121
302.807199
47.633230
-284.966799
235.086994
375.210021
-56.741068
70.939068
-569.678633
885.790975
-1330.743001
1381.183880
364.150876
-1226.596388
702.725005
-561.580747
231.279686
-912.769003
314.910985
-1553.754402
1479.706661
-590.555537
1129.737551
277.343290
778.900201
-516.139564
451.655491
-1477.128565
729.925262
-391.971815
-127.076271
734.025391
-797.348486
320.021723
-35.115309
50.301025
-1530.446138
-899.772875
2277.447262
-392.456029
-71.059776
942.629017
-219.263442
-304.091217
984.018990
98.080237
-397.938358
-475.746930
734.455368
-396.332985
603.677910
-1414.689908
-288.328773
85.155909
-541.808547
547.642456
-93.205530
818.424808
-427.629763
892.145087
-777.389153
335.667909
-400.454141
-151.358215
921.951309
309.938236
-822.340610
-377.805590
-182.233738
1096.274461
778.026106
-1218.948669
-379.434660
-173.702339
214.549944
496.690944
-1755.394565
530.532223
-327.666593
567.521100
953.303437
309.765324
-281.770865
-557.615004
1013.033592
-145.168874
145.050819
-838.802539
-298.152748
177.647265
-353.788799
600.938333
65.228541
-150.496111
639.791119
-53.348896
-97.381143
-766.605382
-192.688877
366.744728
-143.458290
-67.753193
835.305920
-45.862856
-433.781092
717.144063
-354.902442
-1080.807693
-138.888486
38.359998
331.589178
-286.610570
667.686521
1385.135561
-986.712943
1019.766441
-2037.550331
1633.275354
-144.677983
453.556106
-1636.465136
-701.278812
-327.349457
413.853656
22.512128
22.839904
755.435337
440.023653
250.164300
293.961183
1327.387149
-1243.669510
426.306622
-830.058215
-712.380692
541.647049
-804.534100
-209.537669
951.333315
-1448.513427
1162.830681
258.840996
-867.088196
-1195.802070
218.977556
1705.090239
2196.869780
-1320.786269
35.695257
-244.369119
-625.478339
-63.666519
378.128047
58.716964
-735.452283
-147.852788
944.208769
-1306.521947
198.768949
617.788587
-354.815495
-465.360914
1526.762850
-1414.640164
577.479646
621.746551
-377.679255
-1233.423773
1115.080915
-309.784680
940.750226
540.859880
-733.470819
-1203.003837
553.353504
-680.723974
743.072656
-271.376879
-64.777213
80.266256
244.263348
303.735951
-1435.974095
1960.577021
278.064883
-252.179632
-296.041813
72.383680
-1881.858158
607.936338
1712.764136
-1371.845714
448.524492
269.634122
-204.905670
252.010087
455.791233
-235.262258
-1033.120257
-1240.270228
480.156700
1740.981504
-217.685919
-713.454059
-401.021942
1289.679446
-887.394456
462.053397
-200.388721
576.435923
-669.799811
677.627813
386.407340
-511.395142
-764.961214
303.918180
18.328399
59.730811
-1094.192117
1712.918928
-47.007084
-1030.313826
-134.962912
430.768706
26.500080
279.064498
-676.330294
806.208819
-870.520499
297.310703
-178.131406
2175.127862
-1306.009513
205.729003
228.583548
256.880004
-91.555199
-694.665074
-1386.932542
-27.144422
530.915565
660.178837
-683.499786
4.543306
1081.378469
1211.435968
-1788.491093
-559.721534
592.952648
-419.827034
437.884356
179.520424
1431.456129
845.184805
-1492.779097
128.982907
-1408.942650
-415.643538
-768.161152
1188.704294
-39.302305
110.785592
-224.603284
-851.580815
1144.487829
505.172846
123.382465
1654.491502
-392.309663
-1589.161088
-329.789208
-0.505009
-63.866275
166.645201
20.672553
257.895764
161.400090
-589.212233
41.155323
781.142120
-749.629727
-246.479626
905.722481
-509.395686
97.475587
-1035.241774
-131.479948
1215.266514
706.448494
-878.345255
466.414479
-567.150318
1179.572269
165.058118
-481.236238
-994.126672
251.539354
638.543286
-810.933168
0.520694
-142.828637
1060.394079
-1275.420751
254.560273
208.999503
146.179589
1084.812245
-377.989264
-392.509808
-1952.124117
899.404284
2323.832264
-684.816920
388.871114
-881.911624
-485.818224
540.053920
248.542366
-160.110961
-2017.894140
537.512440
227.803186
339.916655
-93.929099
1039.139312
-127.065925
290.396543
1158.030969
-756.888589
-775.808438
-340.632794
182.893019
-1230.413578
219.618078
609.070442
826.344544
109.478101
-402.584443
-249.987830
-464.047635
-467.137682
392.975112
-228.999420
523.631649
439.656198
234.445056
-245.969801
1012.340487
-653.862219
-220.219145
-166.272804
338.225567
505.460578
-162.053117
-1214.202251
-449.246326
173.361061
753.054862
-570.267762
-404.932598
63.685053
788.957752
232.896697
273.316043
-177.080701
-416.902631
345.985601
412.944827
-797.558555
206.485347
176.790359
113.934669
67.813149
145.281049
-606.359505
-330.514997
130.039067
-531.813216
981.721761
-984.236835
488.965192
234.744539
436.943540
376.009283
-434.613739
189.209193
-223.821126
305.214995
-316.799643
-110.535497
-481.568717
33.187918
-262.612637
-71.736059
21.524439
735.344637
260.985814
-915.090763
779.755970
-495.258089
339.215287
855.021224
-218.255103
-957.806002
337.396788
-342.270461
-249.548392
468.963321
-550.467642
-117.462396
-10.454052
556.553173
903.688610
-356.037664
-130.194079
15.477967
339.236492
-974.742801
511.424473
308.998841
-519.186811
216.150530
-428.997820
-67.863571
-276.620816
201.702356
-394.020423
383.665393
-311.502752
705.451625
485.850870
607.956608
-612.619711
139.874955
-35.849306
-967.133598
410.225067
-347.938066
146.910498
69.737020
-479.257487
-440.972799
646.464341
274.673991
264.691076
-141.748893
625.012299
-201.722846
-444.774075
143.418894
21.856586
-634.334475
879.314757
-687.372703
198.301144
-370.807904
486.173573
-541.292533
234.077701
443.398169
-368.532986
-31.612632
248.377739
-89.772103
-504.930831
633.983958
61.696509
212.823620
-390.819960
544.901719
-399.210158
266.192367
-85.611646
-193.218774
99.197688
-87.416588
-85.862649
-216.418311
-124.848946
507.427087
-440.642923
231.511084
-610.613075
243.741226
881.410736
-325.946735
26.786131
18.493855
81.807654
363.397948
-369.024313
887.535810
-686.272026
-863.332741
-0.910084
176.464773
-206.674704
-486.016617
262.659778
1124.692652
-191.706176
-283.287285
-243.704276
431.266072
-427.088795
644.680708
67.250364
-43.774464
281.198059
-653.876388
216.034179
-649.623300
375.146644
189.415260
-306.049468
-738.849889
774.716103
-136.659088
-475.616867
259.425657
-285.572604
1062.005101
-119.010852
394.431042
-357.572201
146.424391
-101.533352
653.683426
-724.130726
-109.277596
-479.944697
-31.098284
-157.288444
-50.955453
75.708890
31.975453
258.701805
-79.211556
-175.884473
882.641375
136.743605
93.170477
-74.805222
-472.734291
145.377761
-106.950709
-15.135429
-37.684661
151.176031
-389.903697
153.160413
171.845837
52.012553
-385.891365
153.664513
-14.530073
-589.612952
-368.499409
528.075315
658.659264
-18.179226
56.445020
-35.741605
470.778693
-1021.653432
662.362400
-343.373825
818.655622
-465.981481
95.184056
-450.623064
24.263636
-143.492631
-301.398080
421.777553
-968.005550
189.531901
359.315828
-1.391975
-32.416412
379.924696
469.791762
293.475755
395.354659
77.273659
-279.680076
-1190.106047
-314.813808
-58.292561
131.114559
479.342827
241.675856
-209.016527
451.541142
153.462263
-267.835318
-285.597245
-617.251857
127.584346
141.965213
-45.286322
28.803411
231.151773
262.298454
249.742784
227.195632
-343.768783
35.480373
24.082620
-107.742649
284.078599
-816.811415
-299.179454
561.325731
-111.456104
-456.879993
13.270190
-84.059177
57.980032
1163.284934
-433.972204
152.243771
205.757848
340.018495
-1237.503901
334.361007
20.573401
391.668631
-102.511444
302.234056
-667.453256
275.464073
-366.606038
314.814792
-117.172332
-102.042504
-249.278544
-25.331668
186.910013
388.590352
-174.933245
-386.707659
672.206898
-694.453856
814.128913
418.754575
-594.423961
5.478293
-296.652137
789.297630
-313.692789
-434.555673
-22.140230
58.343842
-821.555806
80.784235
266.273127
-270.383975
729.590623
175.255162
-33.294283
29.523846
42.441995
220.300585
-298.355278
465.379746
-362.089412
-31.256515
248.262704
-190.942669
-182.658248
-202.356377
19.861520
-102.035530
-127.359180
180.955259
18.550668
41.013437
-694.577519
253.768390
746.402542
-393.452193
699.602576
-57.981977
601.787740
-817.373798
-61.244361
-527.661144
309.014476
-782.534559
927.498417
471.927601
-393.434868
-116.041993
365.887725
-392.622305
-78.004227
-43.528736
-506.936416
258.265967
35.200963
398.044956
-30.568940
-93.746225
482.525780
12.703719
-174.666258
-34.850755
-105.336880
67.573273
34.023408
47.337914
-568.091302
166.653864
464.065749
-519.806652
218.463137
-348.495868
291.629530
-294.887232
122.118620
120.595041
-305.959121
111.998559
699.654039
-309.240907
392.999785
219.354389
106.175539
-551.646896
43.505554
-677.813761
237.488848
-32.342155
-358.179374
593.949479
-168.486336
153.861958
-621.485490
180.862711
243.486157
162.871227
525.053408
-427.037852
66.381048
85.817076
-165.223225
151.704921
-239.737612
240.406561
-36.737076
-384.372495
124.017259
-631.411287
572.936463
-260.854094
396.368808
248.154844
-94.500295
-345.505322
194.225114
-505.501673
252.911518
-468.522164
379.355755
580.941421
-15.564421
9.701513
61.173981
-349.285897
773.142493
-165.286825
-565.867387
-229.704762
-57.458679
187.452705
68.755003
-206.503120
-166.544109
-106.551196
323.928220
-285.275070
244.591555
351.663800
611.263972
-96.882014
-31.211583
-495.865682
-30.861094
-632.029903
394.308691
388.257808
-172.672499
-247.602545
171.634041
-558.075499
243.988461
33.004891
46.599730
274.674986
-106.747670
242.896297
-0.881562
104.861315
-371.726024
-6.749081
387.396128
-17.894987
-92.503561
26.113071
-379.585578
199.354435
259.804618
-347.655564
-233.192421
-442.758934
596.318936
113.248853
220.390502
448.569795
-383.826382
-13.198122
-405.300282
-450.404731
305.082378
370.746288
71.947789
174.674239
-253.443740
-235.304444
415.483041
-262.882646
153.386043
-310.531040
2.684337
227.817338
-394.811654
166.392677
52.969083
165.832564
-34.687765
315.769569
-1.820561
-416.380573
-400.800835
194.036788
57.988732
299.522989
94.167226
-253.175349
62.251645
294.797731
-452.291100
-119.802889
369.856641
96.010127
433.778008
-26.635301
-270.650674
-305.384641
-274.642444
-252.431477
405.446874
18.909167
-65.931937
1.699585
-63.054453
68.349505
234.294324
195.038355
8.910519
179.132784
-111.904510
-171.885147
-177.779085
-186.838040
-17.206889
444.806577
-250.802617
204.122794
-601.836705
-10.677011
413.153078
167.578416
-261.670527
104.994178
-222.004297
79.540465
496.447276
-242.457177
268.014612
-480.122538
188.663838
336.813580
-176.555876
-247.194250
87.551108
-553.990731
495.798556
-98.945955
-179.566524
374.156945
55.366502
-322.058527
69.519722
92.356023
-105.136946
-123.531941
43.404631
-89.742008
198.226680
101.061785
121.406474
184.954841
2.559321
-238.376564
57.763905
-267.669698
297.379058
-161.725578
-83.762400
-85.083085
157.507577
-708.745854
169.016877
-211.375280
683.914414
375.685655
-51.179189
-119.113868
43.867617
-60.064073
-112.244356
28.658018
39.094652
-219.895264
230.230843
-38.937434
-216.473852
352.671631
-212.417017
-126.590648
73.209427
-500.378460
104.632037
548.706189
195.061351
-469.012528
31.075376
-108.196230
-71.018622
123.847607
371.377826
239.737095
-369.582461
-65.684627
468.815158
283.780882
-463.471978
-125.165930
-60.646444
-186.613181
-67.877872
-311.437069
0.012625
-143.889008
627.336116
26.359299
-31.894086
156.194924
-170.522336
81.750285
240.649655
105.540183
-275.705397
169.701892
-20.327754
-339.054270
-128.663316
259.866585
-202.926394
-144.261753
-175.729310
-55.285916
164.857076
375.632670
80.291839
-25.646542
-55.380885
-446.600644
689.712666
-157.976661
-214.657178
305.792245
9.296738
-51.989962
-24.918357
-198.431451
109.567818
124.506674
-24.833554
-125.139557
66.048295
-546.166567
219.687054
-256.765094
90.873794
37.695546
357.772836
-301.126647
281.980925
462.197893
299.929218
96.553337
-142.717355
-389.454860
-306.397160
-450.576808
-186.999356
295.073573
350.818315
-151.648472
159.235481
250.956955
-121.459361
-213.464554
92.509479
-274.391472
13.764878
272.112724
-58.070478
282.424746
-83.186942
55.444548
289.107183
-359.090148
-86.270041
-119.526467
337.980751
-404.005600
-300.951887
48.882384
152.812851
-43.665583
205.285110
-49.159053
50.343604
-71.913290
39.011971
46.721929
286.842482
-9.138862
144.693395
-121.417835
-164.925935
-51.466132
111.963659
-175.130135
-77.261984
87.619075
-216.457912
126.558988
36.290458
-123.066195
-387.881071
19.448397
341.254534
310.431001
93.938671
7.859850
94.653043
172.167016
-344.702526
46.069935
232.905395
-340.360424
-149.317031
191.618340
-314.477129
52.967246
-461.115329
71.810000
472.144421
104.359033
-123.374134
77.701801
194.693158
-69.708451
92.866888
191.504175
116.817782
-402.069601
-147.399316
24.999170
23.323341
-20.936645
-273.513455
91.477853
39.870510
-292.474003
21.634962
374.675893
129.069103
-48.066015
205.696815
151.675036
-9.917707
90.869255
-194.616579
-334.322408
1.836234
-159.660330
-108.826604
79.917945
-296.315057
484.135841
-416.742152
636.668370
-369.447821
181.517051
362.838575
5.390575
-178.778801
10.385762
-222.344043
-33.254915
-268.637248
119.746786
101.482588
357.873193
-116.735623
-186.394207
93.337747
-303.259094
203.337013
117.524969
-47.725705
-26.521329
159.759276
-325.587150
-2.923878
296.299317
-142.954625
-101.119215
301.701801
188.541577
-127.900122
-116.737779
-25.054548
-423.972407
290.405757
-188.140649
298.495703
-267.454683
79.041220
-45.459144
262.216006
80.808442
-20.522369
-58.368039
20.752337
-6.173710
38.560037
-87.372425
74.281616
-220.752943
-158.003613
129.211628
16.125049
100.351161
-13.585646
231.814047
107.869503
-126.761129
-101.990827
-60.787115
-175.672814
-20.810841
-67.495371
36.161518
214.650899
35.481237
41.072404
-50.543886
-163.705693
352.591590
3.721513
-157.745474
77.718169
-222.752283
-129.465004
-32.130401
-60.057870
-123.175013
513.128208
175.275748
-75.746194
41.305101
-362.788021
20.672518
126.488302
-15.381391
7.137703
184.400799
-82.154709
-94.588341
-94.160317
20.661922
-76.647196
-231.400983
391.858138
204.714870
54.424033
-291.080894
-88.322245
113.523271
316.335278
-317.629807
-285.521444
65.694374
77.790829
144.752817
369.950442
-18.932314
-329.671227
77.552860
-344.463887
165.604366
2.330966
-313.884303
367.492277
124.686969
82.523696
37.027249
369.183569
-455.239024
-165.589785
-312.191720
79.093926
93.758998
-106.613097
275.475602
32.615578
249.308092
-302.071419
-244.892596
251.468291
172.348774
-84.838457
-29.747305
122.067538
-183.296976
115.716492
-182.094919
75.158513
-223.592782
-21.815447
169.259118
-197.713499
97.726156
247.090143
-170.872817
179.135346
25.498483
-303.660380
246.647789
73.714481
-119.381402
-113.359953
250.773837
155.882398
102.128246
-188.757876
-42.654469
-439.093093
-123.406508
20.970788
-86.957537
-40.682267
313.161416
80.160773
155.236101
304.033171
-49.730116
57.963614
-15.582083
32.389741
-75.209215
-222.631509
109.359333
-332.028612
-64.872239
-60.260526
-209.866752
-48.847554
185.082913
-88.375147
577.617616
14.348148
-59.005198
85.540060
627.084132
-178.491019
-186.968578
-539.005705
10.203528
-78.097342
2.472824
-182.652056
184.895487
-214.387504
422.855126
-275.912134
87.132412
-30.091882
281.347685
54.574729
90.103199
0.891481
69.725207
-442.079591
41.021232
-25.346452
-55.668248
174.417113
-76.760381
86.276923
299.148495
-264.453602
84.350033
-339.781274
-95.626380
65.996410
223.100927
-283.978206
408.916355
68.289913
79.839562
-16.854172
-118.168921
-16.118223
42.262390
-141.530040
-177.591209
6.948134
-28.504901
-50.974628
-79.393566
219.122664
-147.785718
145.497761
49.317468
78.263455
-118.722747
342.600766
-57.654247
174.275587
-191.577133
-181.666034
-72.616791
-182.389636
250.946287
-185.470036
162.618772
-5.879845
-37.795743
13.321509
76.987050
14.359464
-163.449614
52.039735
104.841083
171.109540
-86.632481
-77.692400
-123.564870
-428.606685
-77.758403
178.012070
629.001605
11.872179
106.229111
-91.064565
-13.364895
-69.165509
-74.223251
-31.495153
-157.550190
26.027974
-206.620918
149.251377
141.663775
-69.223392
-118.573338
84.798821
150.050110
132.330535
-54.331763
-314.732916
28.902564
-93.466262
247.545463
137.372198
294.225837
-355.278154
42.764010
-172.538661
-48.823770
-75.532153
280.585533
-175.830288
-395.085680
282.883827
82.064702
187.736339
81.129916
-241.379139
-7.208001
317.583874
-17.809440
-124.118839
-231.835196
31.657580
140.535311
11.176500
-28.969449
442.426270
-351.338335
-284.335026
16.080619
375.704050
-140.341812
-74.096180
-64.600785
-11.751278
-229.368229
131.185214
143.129097
-0.038819
-166.663534
480.771113
-107.071415
166.808491
-66.141921
106.006442
-141.086828
-83.132586
-418.210614
10.961367
-114.326063
-166.046728
457.253426
98.554342
-98.955739
47.821821
-105.749741
120.579472
168.044913
-440.181727
283.200681
53.372556
24.027633
92.948573
-360.864101
244.026068
118.319964
-304.336505
469.763245
-193.336466
-422.023877
488.106528
-179.175126
65.163178
-562.341296
131.857077
154.196366
-5.125649
185.501180
-30.299432
122.869304
-21.485891
-108.383328
117.934729
143.906941
7.896349
-10.218235
-177.191228
322.776089
-193.913983
-185.210227
-212.892812
-87.062728
55.326113
-184.405002
315.180669
-41.558468
-140.731178
255.701843
38.144375
-30.769123
43.968549
221.573337
170.291290
-115.171968
129.358523
-238.679657
-55.924065
-80.066781
35.293163
-449.794039
-38.532462
-74.143236
375.936398
-190.965565
108.760429
-158.606602
94.433971
283.092779
74.154876
176.299012
260.503152
-207.122287
-142.870315
-227.300157
14.595456
83.072391
-510.878406
296.279882
114.591875
106.898052
-238.594685
29.704022
25.255071
81.222884
67.749110
-44.378855
72.889265
-34.332099
129.123081
-8.804782
47.549460
-108.197444
-217.828471
199.375087
-80.453363
-156.382230
513.179298
-530.169713
280.340144
-65.272858
-161.047814
167.423054
300.394576
-244.149337
-162.302493
-233.447008
-69.707342
115.169738
319.307042
-282.742550
441.061916
230.186012
-212.339980
-249.817919
76.488197
-6.759442
185.500415
-111.103032
-190.672944
-164.635887
-93.328196
-13.476656
368.014965
124.063361
-81.163108
-200.479371
-0.154083
713.313405
-645.331033
213.412494
-59.876511
-33.919256
-95.586338
10.296608
-57.653723
242.533217
-106.258261
-143.001330
176.972684
-99.887301
108.142916
-38.992128
-285.108845
-156.355696
189.497340
-4.096293
318.332129
-65.259093
-41.317627
-128.248295
-334.247458
304.312656
377.231962
-81.824757
287.422660
-174.710846
-453.636249
132.013848
-245.198898
110.867070
-93.199236
-58.471146
367.500086
54.534574
-39.511736
238.353253
-282.555573
-18.493892
-185.062374
199.395940
44.903108
35.031889
105.037670
-199.028352
-31.443691
-320.212520
219.817750
-13.957239
9.081004
117.175645
145.569704
-131.953048
-73.484431
77.351819
293.687981
71.522760
90.495284
-144.007334
-434.513760
-144.847718
272.138466
-287.001337
225.462016
262.997943
-179.814271
-143.607513
-4.072251
-60.373343
166.441114
145.986233
9.640890
37.040169
54.626702
-246.437188
-118.476020
199.740686
-207.450992
-78.517777
308.922591
-233.186891
257.114979
22.954128
-109.099199
-381.470934
342.546109
-30.518975
227.411719
-148.194573
-28.261130
128.393999
120.543491
-411.805207
294.765786
101.622957
56.072022
-79.822542
-103.201815
-30.958626
-49.008124
-324.918220
26.070516
-84.683600
40.237801
298.225073
402.248991
81.418614
-261.077431
-235.644368
-64.983225
218.170754
-106.054654
-62.938387
66.089320
-33.824876
188.972037
-349.275552
226.490372
-37.161673
311.410503
-242.139078
-264.035117
95.721164
33.110812
-219.276498
-312.389759
454.650109
73.379755
99.093405
45.709482
216.795786
52.940614
-12.633223
-32.406633
-227.775761
36.030371
-340.271993
164.950681
-221.968029
106.582510
34.964197
394.984421
-241.391976
25.655641
-43.024594
146.206530
-492.016560
300.527042
-247.815913
276.560873
-50.928051
-3.922608
408.510143
4.053611
41.170743
14.494370
-36.273373
-168.207804
-364.279725
-149.522710
-94.317959
216.134859
-50.546130
-0.145902
102.990150
95.717744
371.773347
137.979769
-612.736444
98.459109
-106.347499
306.918332
179.498584
-130.206404
39.643358
18.041416
-146.912790
-20.381517
-204.971111
-122.870176
358.415150
-156.051380
-265.005425
-335.855640
328.823650
340.165372
99.066087
-106.441681
-208.827489
530.408664
197.866713
34.408498
-243.684198
-1.773504
-273.853899
-255.387512
-113.043171
122.382280
-83.485967
-14.997073
100.714962
114.013256
72.840643
-213.415845
493.184102
-319.901772
251.741793
72.750308
-148.740941
199.989594
-108.426794
-45.226661
-378.912346
-235.715397
-270.244751
86.439998
432.786537
223.953772
-16.385664
-62.208972
325.852972
10.837635
-334.257644
66.903673
109.204781
-226.896439
-7.644464
-279.952227
327.688666
35.807851
207.844978
-270.329156
164.021219
-152.703687
42.001514
-457.951759
616.163614
253.659443
-343.224135
-95.953978
-244.131516
142.492757
143.591589
302.486503
-355.407081
169.940672
-135.994736
-121.006351
-76.639452
266.167747
100.343432
93.015198
-131.818065
-90.642087
99.687092
-195.452080
34.950079
-233.995331
378.836229
220.691509
-17.061357
-279.722760
144.179238
73.280078
-100.084266
-226.950815
-37.340212
-248.194984
-47.601056
381.725969
80.930037
-9.753400
68.464809
-201.513540
-8.760545
324.913786
14.706470
222.492495
-11.941037
-99.489323
-348.559348
-319.911484
-55.712619
259.701021
-17.071646
2.153607
84.221682
-51.335167
27.386225
243.648413
-197.343078
247.080320
144.049207
-283.443151
-143.084712
-36.400251
-313.528985
355.025176
294.008344
-46.790403
-50.178132
-333.715118
308.028817
-112.154615
214.939011
-320.824015
164.070496
-254.248064
-18.604235
27.968147
24.652228
107.098987
-241.951082
355.170605
198.258563
39.018136
-49.897176
-196.776637
-214.096170
-28.061856
21.161171
-25.386226
205.453851
56.583133
199.769267
66.187113
-391.664095
-0.931778
-42.621190
-84.755129
-182.611775
94.622607
296.524914
55.068356
145.127045
-215.625477
18.115492
67.908263
150.910547
13.046624
-124.819324
-112.237383
14.891613
-2.250649
-49.135219
-84.089739
51.160340
-11.404192
34.468360
-373.396348
-2.625691
75.775411
214.464675
468.736107
261.979719
-167.298089
13.848021
-234.982945
78.318327
-461.527169
196.586365
-156.421548
-84.979237
-154.303621
-20.501135
116.404281
224.726412
-11.031509
97.005965
47.625970
381.676418
-59.980221
-506.093122
9.071480
392.538189
-89.136038
-111.026722
-173.148541
-273.541113
-32.302173
62.938290
3.297554
383.059896
-252.067312
102.001373
256.782387
42.385012
267.095570
-437.623402
163.332865
-228.094076
235.514397
-200.782590
-394.308254
128.225534
-121.631212
487.254074
52.881543
-278.252736
14.364300
104.223402
145.243252
-101.864103
428.337611
-396.322974
-93.149887
-115.205704
64.208156
-152.849703
61.083708
208.779966
-13.007257
123.180567
-296.920804
16.305623
163.062674
-115.820916
38.432837
49.850274
-1.363443
38.085279
-216.626686
-77.500070
207.423224
-37.495137
13.957078
261.421564
139.701383
-466.205142
215.768616
-93.217538
131.152766
-606.259944
370.530859
314.911517
-88.175238
-321.119556
95.066245
-203.248340
510.801866
-110.837419
137.535775
-205.488376
-3.011860
223.807627
-145.078705
118.495524
-101.755663
-380.862203
-196.202544
443.594604
23.285964
102.478059
-305.483402
252.199283
-251.224820
392.233286
-434.363224
249.075208
168.095981
-20.805742
296.294149
57.735235
-215.985868
-214.377383
-184.350254
-209.032553
149.188913
87.427138
106.316758
-246.288916
170.145448
-260.698498
338.677710
229.906455
-56.296956
-175.712599
220.017233
116.680292
-427.995370
215.422170
-126.630681
-46.043049
39.231672
-34.185885
-109.042155
91.232203
-0.983718
121.183848
17.228309
-5.579963
65.940506
-311.673925
132.150961
-243.267908
-136.403573
324.317855
227.545113
-247.120520
258.181650
171.621748
-196.597137
-394.914281
225.984980
-165.268517
190.589282
-91.319484
-171.059973
201.177337
-8.111649
60.361760
19.975715
-305.151076
-31.886814
430.713540
215.375050
-113.237557
-60.680480
303.388021
-145.714635
11.637313
-290.417199
-544.265186
35.309273
271.486728
133.172143
66.168470
58.378529
-343.350833
-154.147308
402.448036
0.027335
190.771851
-166.861286
307.873913
-114.024421
-21.958017
-190.290059
380.422581
-104.988872
-54.416841
-528.364105
8.290793
199.910745
-35.210110
232.667599
-156.489826
-151.333645
315.195959
-163.446762
203.005625
162.246096
11.447952
103.112651
-131.084128
-408.704543
103.897570
-154.945017
-40.444628
282.932496
-86.229924
-221.735670
189.702286
49.192948
-5.534492
52.216156
-100.772493
24.823988
315.832509
-5.193845
-202.605235
-248.565826
49.559922
381.180538
-291.969224
218.147176
-70.421699
0.811092
-158.386261
-59.504024
126.205932
-35.739538
-217.039056
-23.572747
213.782141
30.344756
31.682667
-63.698559
-255.851879
245.152683
174.045405
132.497508
193.046705
-170.069319
-140.477995
-79.582957
-9.938866
-66.669561
-38.026103
-33.700654
-180.303996
103.782409
118.448938
83.937350
-45.004303
46.841278
-55.756629
131.355125
55.768427
-141.734666
141.856077
-5.059829
-330.563769
112.066007
213.568152
55.109420
-168.300323
-26.013757
-190.737595
270.824130
-145.705155
73.173452
-72.541429
-52.090602
-42.289233
112.879863
-33.124883
-101.169371
125.389723
64.486930
272.438693
-140.581278
-19.748905
-26.945467
-61.058702
-158.674782
35.327259
62.611351
-3.935310
-15.903095
92.036806
-122.834333
35.487818
152.228586
-162.083481
-29.964389
105.392692
25.824214
-103.858633
89.633486
-107.129479
28.042040
80.628517
41.733185
47.302045
-103.060839
-4.304314
-44.303767
3.525788
95.707723
-206.728897
-1.520494
120.223500
-10.927239
-81.256906
168.349523
91.466535
83.657745
-167.221705
-147.468598
-55.118510
54.946269
26.702958
67.584398
-51.279737
119.977251
-106.019219
-23.906862
-38.889141
99.931716
107.255239
-87.498019
67.444273
-133.959201
-10.372814
86.477673
-176.799869
132.602340
-28.448609
78.333010
-85.275591
23.673307
-44.961385
80.655817
53.644353
-42.140138
-23.913529
-68.703206
129.876448
-9.050103
-5.591856
-101.846618
129.965331
-129.558604
39.513476
-120.772970
-6.175225
172.035206
51.433621
-44.938832
-116.674320
29.539651
29.597716
-54.088605
211.098196
-36.084456
-43.608272
42.101000
-234.256010
66.122967
-83.311917
100.425629
103.774824
-19.114075
67.206755
20.837061
-19.291463
-186.487390
19.592393
59.514743
-32.080532
-77.323640
-6.158448
-7.461516
120.926031
8.865172
65.890825
-8.861843
-51.342501
-98.812765
133.473984
87.628124
-164.006680
5.806990
68.609068
-25.505924
-110.399430
97.190260
-7.715344
18.582582
180.747801
-45.739409
-261.371121
-36.482704
-17.115224
63.706978
-22.983939
137.458871
108.236434
29.138809
-102.835973
-99.951367
125.685427
-145.996326
-6.716540
79.912949
61.236421
-55.800216
24.481130
-23.474861
-51.373307
-38.588300
7.521221
213.088536
-78.222136
-222.486449
54.050999
-5.152215
22.618739
-43.088887
126.808279
40.085663
31.577335
-68.931172
89.202301
150.298059
-80.057809
22.339098
-64.453265
-65.025957
-31.283663
-128.483174
-125.660758
-135.974613
228.626492
18.773039
-47.234187
254.874517
36.557120
-54.691129
-75.278483
50.022525
25.713373
117.025993
-166.095133
-106.365797
19.493226
181.564629
-300.599162
85.464797
97.097359
-80.134774
16.321962
30.449657
80.824493
102.448019
-257.502913
-237.567977
252.629620
57.061777
23.035300
239.752500
-167.270062
12.110207
-130.610424
140.433725
-40.475852
130.807074
31.124175
-114.966324
223.243987
-399.094773
-181.618965
-100.205937
82.159428
65.362198
178.253184
233.535221
-315.234136
228.489539
-40.505309
-125.982258
208.747834
58.955745
155.358779
-128.692244
-264.296958
-250.842268
120.948308
206.898189
-241.843877
55.717701
-178.136481
173.727452
197.989270
-37.877397
13.405950
96.197138
55.854964
-119.651821
-173.442869
295.810409
229.235162
45.927537
-114.202057
-249.403276
-362.727527
-83.954117
-51.201122
273.654745
-67.448311
-46.487617
450.337894
244.274406
-495.336561
-75.458584
400.124185
-180.827929
-86.852371
24.962771
27.225985
-245.113897
287.317274
-44.019311
23.185716
-345.546528
-86.863924
308.794723
-159.510415
98.229705
304.008325
-6.302830
8.551483
-206.354561
144.507351
-17.837687
-358.880610
-106.853578
321.205150
-51.031695
268.022982
-189.735454
83.308131
-90.922404
263.149570
-211.431004
-129.137609
64.153843
-138.341429
-141.499741
295.311521
-108.109118
-44.628166
116.767992
239.432720
-179.712735
65.434581
-122.933288
267.947522
197.327962
-204.137669
-90.587328
-256.821512
-171.242378
-169.719200
228.167933
102.853970
-44.958132
93.062369
458.460756
-464.050793
294.633577
28.982238
-113.900741
-31.761884
-103.028988
175.861552
190.604482
-155.023072
-454.089429
114.268122
-88.201016
177.811334
164.687321
-245.403870
-92.045788
277.861131
-158.801017
290.278827
-50.949077
-38.774529
-22.257829
-271.574914
184.230966
287.172886
-350.972291
-106.264112
261.001910
-103.155069
-264.306555
203.290246
171.997185
-39.249677
185.551488
-383.712451
399.098103
-234.743799
-97.950723
100.551253
-48.905525
16.700560
-35.992894
253.879428
-101.274121
-159.072598
54.605917
-43.285631
69.381075
261.670586
27.619353
-322.211519
70.586739
-319.190613
-117.860353
219.778287
255.662177
-124.054599
27.880847
-39.047695
-263.062040
450.771815
28.821244
405.897544
-237.046261
-559.359077
-138.125962
405.165022
-260.454160
-1.140050
-413.532613
210.000641
300.797566
275.184163
-145.360803
-119.032644
312.733424
56.114695
142.750704
-182.555613
-413.361343
245.553662
-256.269615
115.558470
201.104242
-9.720629
-493.211257
-42.909666
448.643875
-67.958314
18.477644
280.539922
-156.675163
250.636974
-43.854809
-41.386924
-359.596734
-117.296975
466.676279
-325.852926
-376.253862
113.822875
-231.516814
140.991213
282.201624
386.550638
10.931724
40.433400
301.447292
-608.392724
124.554330
-86.917973
76.998912
86.282986
-418.222462
16.477511
174.743657
-167.233690
23.420453
1.644044
132.294688
149.396014
-218.099272
-199.339160
254.213749
118.910680
267.850225
29.701275
-111.362473
-250.546817
-198.467386
253.861631
-263.306223
-97.675426
187.557935
-69.425214
172.953871
280.782154
-281.329615
87.930313
-326.576076
97.828247
5.406293
-84.459821
173.277689
212.235392
-215.144888
355.076557
208.118021
-326.459672
-21.218740
-245.649279
-60.094524
182.752308
-39.476558
-66.735064
350.733197
-408.141181
-162.299005
100.599691
344.659440
285.317933
-383.635433
147.775264
-573.086496
82.883959
130.538370
-202.075753
398.159381
-51.918599
185.339053
56.336739
-104.515569
1.899467
180.318656
203.288179
-440.436876
-274.166990
-191.897061
55.844170
87.165278
192.564425
-106.241478
255.388172
-200.650016
66.597543
-8.216074
-39.773727
358.171875
114.831965
244.313356
-446.464755
-85.886373
-224.017598
-85.834254
-84.867710
180.336548
9.678046
-187.145781
393.548219
132.469398
-81.036909
-247.261194
248.187990
-57.370273
-329.426322
-114.822944
466.907363
-46.272139
87.872733
167.943023
-140.556200
-480.702014
192.274378
-269.699764
305.585204
369.534417
136.987036
-416.891740
-111.910919
-365.084711
248.265811
575.065513
-93.145652
-357.297818
77.945585
86.994124
-63.451562
170.347448
-382.120921
538.359129
-479.990635
220.521265
-165.592707
6.067574
32.175491
-138.121912
-270.345570
291.313888
56.170507
186.801530
56.506809
368.051390
138.780976
-693.926637
209.916120
-421.480248
-125.474475
332.753846
-202.314534
-99.553734
256.960681
-24.041393
53.414252
210.764897
54.931567
-65.553402
81.775708
-34.370043
-101.555769
275.921335
-35.096892
-292.859560
-231.579987
40.030331
-332.345260
-214.084117
34.958101
324.373279
723.427354
-241.709394
-362.650074
472.599396
9.798367
112.246512
22.438141
-217.722519
-81.344813
89.090581
20.319500
-116.488392
-112.318146
-164.898386
-73.878771
92.189214
26.716947
174.639464
187.317866
-147.091153
-211.434902
-165.104027
168.168514
16.356958
476.805927
23.317851
-99.966827
-126.445074
396.028770
-320.066504
-9.133754
-407.687539
-262.770301
-130.871870
213.224864
127.757216
-9.622884
418.802842
-29.639025
228.127272
-123.050028
-76.173477
36.301492
-175.144686
17.396949
-5.247198
-94.562567
-175.619637
397.863849
70.650281
-143.417728
52.501080
39.060689
-218.416982
-114.637323
106.196380
-90.122926
-245.668691
175.302073
92.715660
290.229951
73.568499
167.706263
57.564506
-285.538086
-283.750293
267.453681
-287.142348
43.058954
-55.241377
39.010132
237.846609
-135.163122
-30.097365
89.337599
46.164491
-274.458648
244.502604
-114.154768
111.536746
-119.882702
-70.069092
-328.920108
234.071903
487.084389
-33.807920
-83.907341
206.845242
-181.421763
-91.271027
-215.331649
24.790477
109.212479
-160.921939
77.045742
89.513826
251.043813
-388.956823
188.174107
-221.342611
-54.419298
-42.499426
236.091557
103.418285
142.897108
-179.939097
-193.454961
167.962668
-64.328255
81.970548
57.405225
-261.738308
-18.149601
414.456092
-309.937197
-158.725216
161.116950
-60.394594
-16.490151
252.018420
-59.144010
75.748003
-184.599587
-166.196763
75.879312
364.586972
33.868809
-319.045511
351.869505
-260.837205
-120.181750
-164.071305
26.982290
191.158125
220.159946
49.683069
-380.218580
-181.159658
190.311147
527.805353
-263.033778
159.988124
-196.187606
20.213396
-102.211872
-179.319180
-117.809801
84.486553
245.381916
40.970453
9.120103
-227.728970
-83.187681
279.062880
-2.696897
-1.731706
178.335434
-15.560507
-24.376175
125.414885
-332.461748
-48.850151
-140.421081
-395.119941
276.183117
319.770605
117.228075
226.592090
-303.478522
-105.805488
-153.059239
-130.368598
391.378519
209.533063
146.324907
-196.866850
-373.727233
-38.637926
258.151108
-301.072210
522.613976
-395.747844
-45.788634
289.307495
-222.539142
268.252508
-262.633209
11.334795
23.861011
52.378382
-251.483326
408.030942
-70.337669
-329.370880
297.910668
207.805979
260.463827
-87.825714
-405.547481
-127.025542
132.174023
-177.174896
210.630833
-84.357072
-106.147591
-338.477718
205.733689
121.511335
242.362074
40.696265
160.410306
303.641372
-240.558282
-290.050148
-325.022131
202.741604
75.736851
75.329608
-47.558217
57.680174
125.898275
-372.569174
159.849830
72.703092
-100.796737
67.172009
-223.292621
66.369993
-135.477307
123.320196
25.446304
253.686014
19.419751
-291.679503
8.471041
289.331042
-30.217341
-79.504997
-53.628375
-97.450314
368.810928
58.308829
-309.447687
-44.232112
5.157002
-207.692415
-171.573142
-3.416183
-52.117049
256.084900
121.768935
463.780866
-168.825693
97.911050
-118.162578
21.892988
46.075796
161.789799
-226.356208
-415.526141
67.329441
-102.073223
-57.162165
-86.758629
44.157635
143.395744
-107.179108
128.079117
139.898876
160.041527
-45.404904
129.422685
-237.212496
309.176549
110.302401
-155.424890
-262.139425
316.275953
-276.415804
-317.193201
100.185887
370.584688
-370.334782
-13.245015
197.468070
-130.787730
164.667152
-182.329025
182.131253
-37.587461
107.146850
271.186719
-46.011019
50.891413
-120.439857
-237.200616
-370.218063
274.621715
249.345749
-268.281326
-293.177173
410.230998
-53.634564
57.228658
193.341138
-105.460993
-178.555616
-5.391317
226.565342
-109.255916
-240.736103
137.572646
223.050558
-103.244056
-197.067259
91.113235
-80.882239
447.784070
86.866651
-133.445955
-100.134082
-472.395072
69.394153
-149.825599
181.614010
-12.961117
49.683678
-72.189121
501.515500
-237.052263
182.674151
20.060475
13.799343
-215.235298
22.397302
-199.900355
54.209030
76.817488
322.570519
-323.617646
-95.176576
-29.495061
154.238010
-84.428848
50.107358
142.569934
-74.263483
-433.144828
109.761600
103.154267
558.005821
-491.294624
-124.178316
225.764115
411.381854
-74.668543
40.867214
-294.347779
-39.686786
70.191280
-60.411708
-98.563270
19.279470
-213.555112
-120.820720
417.547863
31.034881
87.603948
184.840448
-213.632672
-290.235625
-197.836209
315.497927
150.815843
-98.243952
79.206959
100.916553
-115.392640
165.201877
-260.457827
38.925678
-44.404619
-123.098132
-153.166576
23.966390
-100.418505
-8.888568
164.056853
110.831906
666.597015
-193.936159
0.508907
-185.818833
-371.922925
-2.683982
209.106822
-251.607697
327.784731
-299.252873
39.200894
76.296129
244.279033
-153.044581
-145.772155
230.284459
55.454517
172.741610
-302.328740
-179.243433
19.550884
-144.191332
91.985073
-2.962009
147.581626
262.453742
-242.456080
147.028655
11.477725
13.265541
-251.245530
503.275901
-109.291382
-294.674034
23.585160
-89.387605
69.011647
-125.707868
19.233778
166.434004
-215.755733
-139.564977
161.219099
316.110982
200.443542
-397.033189
291.348209
58.026033
-232.187245
-99.667596
-108.693439
-94.731115
229.616417
-79.848881
105.061943
-18.554470
-42.389746
99.562863
26.607658
-377.091434
-101.630287
-10.032306
237.606418
90.251032
228.448790
95.323669
-37.829798
-18.803731
59.243298
-48.392025
-58.363261
163.348341
-232.085750
144.104918
-472.383316
-447.232079
-109.290337
161.286238
615.290459
161.679810
-223.498453
141.734480
297.511024
110.680607
103.711919
-213.127892
-159.650160
-109.463184
80.742000
-524.525571
374.601010
-329.835324
-102.506273
-25.211284
98.685543
52.478867
7.138231
96.982082
330.409507
190.436666
237.484964
-243.646599
158.677675
-348.760649
89.614257
-420.278960
-72.884102
-36.594825
133.661068
261.426874
-184.872558
-138.587198
109.452296
176.015020
-67.027657
-127.565596
134.609835
75.532312
-82.229253
148.161186
-44.596911
177.744778
-111.660294
-77.939853
-131.065644
-125.729421
15.571212
-42.340819
205.441378
-241.865663
236.747705
-100.070367
238.614473
-40.630689
-143.889715
-276.361893
374.066953
-44.105357
42.040879
329.745621
26.138110
-192.859679
-109.980658
-483.610106
11.656128
265.573632
-48.677575
175.384557
68.929845
243.013082
-313.921081
-10.708744
-43.255628
-204.128090
260.962606
-500.552521
197.758930
362.807061
82.589673
-2.953989
252.708357
-483.483081
-113.266262
206.134740
122.659852
-454.439144
159.692051
-166.667949
349.703503
389.852235
-407.307160
79.601386
77.923218
-218.196391
44.664731
-270.450305
12.161191
90.504902
79.067008
292.005510
-104.130965
-552.388029
270.321385
-94.320971
469.919996
393.263759
-510.147514
75.332587
-349.688023
215.925030
-131.361928
-107.809575
99.580495
44.650933
58.965770
-119.879276
44.994059
133.302160
91.172696
8.577772
-9.071554
-11.091661
57.343452
-154.979790
-132.978564
-349.922931
99.181391
429.922749
0.711395
44.080908
-12.522320
17.392262
125.271874
-56.532401
-336.576500
185.946348
-135.760106
-83.858766
160.947585
-76.277436
-46.479684
17.840469
135.305394
97.792508
78.780127
83.179634
-396.126463
287.904393
126.001927
58.177578
-341.714733
-179.170671
-217.217770
208.999433
299.099601
-188.006424
125.057222
-183.769744
432.575858
-201.831499
-137.303595
165.633379
-271.622700
168.006031
-55.977055
201.574805
-126.518681
-71.905068
-515.048557
240.187432
450.461824
184.139212
96.969606
-391.513522
-123.788532
-298.050401
120.954248
-221.195137
87.825996
330.496401
60.255827
-234.176324
635.237924
-330.794751
441.827447
-308.855709
-143.716932
-34.860771
141.390176
-139.627821
-600.000645
79.525849
182.431131
-22.502517
118.040582
180.130200
351.455982
-316.136908
329.976266
445.154167
-733.983321
98.229625
65.569465
-123.549257
-211.859125
213.238335
-6.262170
-366.430157
-299.476127
354.385592
-11.925523
210.147834
-29.880365
-0.914002
-141.805867
90.988853
191.849951
673.161845
-103.979237
-361.202411
-18.280152
-302.891427
74.707577
-170.796718
-179.046655
197.699692
-153.209598
-312.933626
158.081645
151.084135
39.350333
270.354743
162.437638
321.293135
-67.371806
-358.253638
-200.295933
299.288152
67.966327
13.804836
-314.600792
-40.096177
-117.930191
45.034222
32.166365
-189.398081
-62.544837
248.615426
-26.108291
111.520957
159.061314
-129.656898
77.814290
28.130857
18.456186
193.840100
-149.825547
283.294520
-298.431127
-191.193949
-150.048263
59.570729
-144.795877
-78.384402
-67.085069
118.470119
86.290810
136.730685
-17.505119
277.038110
152.180981
-318.817976
56.831507
-73.725172
-64.157604
143.743761
-86.961742
142.830293
-70.667400
521.190632
-57.627488
-232.092216
-399.317417
-357.344180
-428.170842
42.408798
230.255033
288.754409
327.237160
318.760638
-138.923492
233.649506
197.476974
-321.407628
119.010367
15.389135
-519.983788
-93.422393
47.574360
-64.606386
169.712833
36.220992
29.398686
-298.907614
11.248067
271.552536
79.686019
-329.576049
-34.305561
518.107431
-269.414040
-106.357409
51.931998
279.949691
41.405095
176.672712
120.755644
-256.886923
-72.980999
-101.873084
-226.905541
68.418341
-234.672848
146.328349
-57.390560
11.481472
-213.643052
320.527778
-184.825868
125.528175
181.694721
-50.853338
199.304219
515.423072
-202.888467
-78.477499
-267.068740
-103.241128
-365.452081
222.111865
-312.342555
-124.648731
303.962555
183.227930
-201.328052
-63.059129
405.927412
32.809480
119.437064
-188.395944
-54.915842
-240.505267
175.642121
52.151665
285.596718
77.325622
-270.458877
-60.291552
-162.801844
-58.562994
76.844965
228.595955
-191.584965
387.676258
-417.128543
-86.403915
109.796709
-140.546775
132.593342
-49.427347
-183.163412
188.116020
141.532377
467.175639
-33.747370
60.395362
-460.555762
94.655883
-273.837504
298.963510
-393.690511
132.393873
-122.193257
105.722996
-246.000403
352.703194
-87.930599
-80.102763
318.313319
248.289649
56.410543
-231.065466
-98.352976
90.721886
-261.924958
-9.289285
-184.933752
394.362443
-141.519789
129.734606
44.388290
159.350332
-84.816813
-422.965615
-118.606261
48.693986
295.902030
136.597541
-454.113444
66.377758
-142.081879
461.247440
219.240136
-139.786974
-22.254733
-479.658818
795.278748
-256.222537
348.670136
-816.689398
12.277818
147.633796
178.657153
-94.750724
-78.672011
-236.721920
-31.415151
26.520032
60.803393
-54.061046
373.293570
234.837484
-346.755544
108.830178
208.707691
59.063489
-16.821439
44.079449
-373.744243
247.808200
-730.168493
-169.308552
195.257566
380.118739
115.745105
143.704881
-60.748914
-253.234415
212.274169
209.034087
-297.991387
-85.057056
287.693919
-46.363862
89.803929
-180.011118
-251.498989
-143.153885
259.696599
87.981951
81.645516
78.950887
-103.898670
4.365071
77.195912
-26.442740
-308.267326
127.660434
-143.924105
197.937821
-153.635167
-82.204965
452.723105
108.982394
-44.937062
-117.500111
0.358422
-512.533603
231.179615
-406.847876
400.396069
172.220049
308.065410
173.118472
-790.153649
407.250327
-302.584549
580.085055
-525.224755
25.112369
-209.087189
35.276727
157.629814
-43.023446
420.554504
-489.857318
-76.065785
94.574504
34.905529
380.860457
99.083420
-125.284776
97.266983
-56.771280
-212.593117
26.036006
-110.086195
50.260589
31.173121
223.738058
-355.669387
-144.874805
-483.264584
163.664247
110.733501
468.759376
430.172635
-39.994498
-186.139302
574.194442
-338.107767
-198.813456
-148.683821
-213.542892
173.015861
388.968680
-256.843346
-608.882763
-261.783412
460.756988
61.330557
-11.756569
-116.663695
449.927699
-21.310090
540.782445
-549.171802
250.780554
-766.837129
107.625513
83.146819
34.972037
299.277273
149.642440
0.592069
28.297091
-175.958386
-169.474867
-370.046458
696.719631
-357.213364
-240.546847
83.584962
-42.136865
-104.350851
-199.081558
181.700570
414.463215
51.703542
431.950752
-181.671809
111.105712
-518.920183
130.009669
693.319703
-976.273101
886.745346
85.578445
-1051.667238
-40.867011
-197.292618
-193.963797
255.208347
268.943981
-76.886612
978.852486
-713.950028
335.597100
115.369194
-209.016914
-340.781239
158.762721
-134.087701
200.386516
-123.398759
102.862136
784.886393
-775.950780
-56.826041
-292.947326
248.963508
-566.265815
126.943479
402.638921
38.988381
16.712044
-26.631144
283.370849
-150.584034
622.135994
-164.550359
-807.826612
379.272815
-519.977074
136.786746
64.058850
81.448738
-280.728352
578.137794
571.054675
-483.043861
-512.866317
-174.908872
83.647432
-353.771382
211.588530
-102.194743
499.746589
260.624679
50.647786
695.960176
-1190.684045
190.852175
461.133571
44.259888
106.240083
-894.109648
508.878797
-129.560738
-439.841468
341.444418
-244.859602
-348.500759
218.215277
251.842325
233.559328
-370.615320
307.846610
-561.886924
446.105894
389.151634
526.892059
380.913728
-548.992356
-62.302768
-1228.568629
853.229992
-119.366296
-213.393363
-277.993437
83.357136
-17.555346
9.244471
70.441154
13.461177
738.470252
-478.118543
-581.244074
72.675775
850.531571
-102.711025
632.690646
-873.167133
862.123276
-757.150800
-30.117222
-30.315152
-312.480797
154.354576
-132.969980
-127.627812
22.822922
902.188154
-634.728977
-252.429664
-629.186768
638.644943
279.565988
-0.841117
80.023804
464.301798
44.686330
165.538759
-55.234168
265.192702
-797.547391
619.964852
-1290.256159
531.360507
-745.915570
218.531247
399.755177
-298.111063
217.331459
25.461007
-26.959913
724.474268
-59.162839
416.216805
-355.011818
12.142161
-9.759190
-738.012746
-233.349632
59.908307
215.231520
352.948403
72.692579
-169.577310
787.844204
-220.462495
87.722853
-1122.596848
10.968814
-922.816502
658.984782
11.756516
490.684692
-94.943807
370.045151
346.545545
101.552116
397.500860
-368.000887
-385.136887
-11.626154
-453.364089
235.795786
129.723923
-470.425345
357.686867
-735.432080
511.468804
-176.191784
441.786123
-704.801190
366.041506
490.861745
-319.414673
490.476272
231.005480
29.106448
-483.067188
130.210432
-631.568592
496.769362
-510.904041
381.386641
224.492048
-465.519539
626.256334
-106.019502
-574.094130
-8.048722
268.307317
-278.620479
-295.722558
105.161296
244.930841
255.041434
511.466156
-103.487085
42.661411
27.791366
3.562779
7.097718
-22.440791
-136.817088
-514.197245
-110.833650
-230.762881
-159.852071
611.840135
-708.028858
480.857751
-51.942510
390.200668
-14.947391
624.254998
359.738080
-772.587267
343.107148
-901.091671
549.503941
-19.665346
-88.226368
516.536519
-244.742653
-485.572699
-432.874597
-264.407307
556.839697
103.828817
-300.742737
959.939911
-517.996584
68.435326
-574.350993
194.061468
255.587075
734.536934
300.575498
-634.417262
-201.297197
353.546713
-535.995537
-369.206827
-537.496334
464.383821
41.435652
506.556896
-229.315883
-137.923232
179.296267
-18.164830
1094.521237
10.037335
-773.341657
-438.712699
337.788555
17.153377
-80.196934
862.349915
-1231.143733
280.851030
-69.183441
113.772621
-99.390509
148.774713
116.706969
-904.807247
413.533683
479.215085
-261.640522
308.546234
64.973298
-471.483586
436.314060
227.727320
-609.003018
396.637924
493.178894
-589.363229
-65.128088
348.066213
-564.417979
55.684328
207.024021
-387.225082
261.461891
-249.990986
-274.259814
47.217341
253.746809
653.311164
-109.310505
294.901434
68.623556
-78.867829
23.279124
-599.502541
-766.876004
834.206271
-476.001328
-5.385063
-339.750176
197.130016
-210.432163
560.696785
425.880690
188.353151
-459.140941
573.481807
-48.985815
-173.731791
-316.162855
-38.717507
217.265294
265.525653
-671.072361
-374.129196
906.129262
-511.654795
-491.320644
403.686364
35.592139
255.092466
-185.383462
808.481798
305.637338
-264.632768
-684.822279
233.419922
-253.047654
-253.371550
572.364749
-647.257905
-332.293725
134.961894
514.103412
-157.456394
710.284771
-234.118053
159.728903
-21.357251
279.658425
-292.740597
-335.816798
-118.859744
270.985394
-18.252551
-608.581427
4.922581
-218.514216
338.293720
-279.120417
449.104326
162.230448
550.083654
163.910155
-446.482287
185.579200
-147.533327
-433.724074
380.470948
-204.732180
-353.004792
-259.521046
534.667646
92.397372
-520.120707
-186.537708
154.971416
641.729920
-639.205219
569.118050
-9.148321
287.332419
439.018114
-642.374397
38.965950
378.234868
-182.317678
75.608652
-972.858004
-656.632908
-121.199171
696.418393
374.512789
-161.834503
-471.443779
-224.192350
872.063793
-72.646088
500.312388
545.783865
-172.348573
-154.361822
142.103616
-828.572230
-80.769171
337.109693
-268.786710
336.309942
-19.870168
691.690052
-1021.284436
168.464085
404.763306
-1053.957869
-885.391538
222.727175
1361.508695
-133.677028
-260.569916
1213.858687
325.474360
311.915974
-1036.107592
817.124167
-1126.026927
-956.356381
783.476616
170.903076
-968.648873
-140.430553
352.909771
-65.534721
1650.258626
217.491773
-759.285677
-1820.574640
1044.341053
400.564804
-489.886192
976.562844
-421.693874
-60.287269
401.991043
211.672482
21.995504
-1043.395033
347.120176
92.122835
-624.858982
-338.380449
417.128764
856.866728
-399.368198
-242.765586
-197.411558
894.285834
234.610893
-553.110258
603.203419
-378.825675
-531.701774
492.263878
-7.715984
-355.890506
464.398026
-163.115276
-405.154191
500.330932
-396.724843
304.357091
344.469434
-261.779123
-691.440981
122.800388
-861.827028
-449.029246
1539.391197
132.344912
1.816719
1687.410649
-1396.433766
55.795363
-249.273257
140.696787
827.218187
-439.039371
-852.396377
-15.742454
-1663.081944
182.712114
252.591266
1803.526032
-306.430839
473.376555
-908.519418
845.734437
-905.292142
-1172.127737
2108.748924
67.181537
359.802245
-1212.348828
1257.512275
-1030.390540
1431.749025
-1629.873392
-1322.033392
19.309233
335.042738
-76.018673
578.888474
964.329307
1032.705278
-1276.389412
-403.054098
-138.989622
641.408395
239.475302
245.794265
-16.490573
-35.126109
297.586753
-1043.943474
200.110504
686.762630
-836.223222
-600.804218
954.866161
-904.859404
293.991804
-145.787331
-110.679760
1024.182472
-1219.240536
1052.639303
-481.853058
483.187689
133.986086
-688.567520
121.415516
-503.482318
914.204385
90.157264
678.932502
-599.418732
-910.185058
-734.910609
955.552101
1317.758597
-1160.544583
353.568192
-250.718515
154.979295
240.852298
590.214580
-605.849624
-836.137735
58.860174
-406.235731
464.404403
1476.340148
-1048.156719
602.848835
284.713851
-731.801471
155.965957
668.796396
-695.079173
-9.648326
36.180422
-660.820644
-1118.625678
1894.543267
68.207823
253.823509
-1206.056126
-176.730640
735.864136
-40.477755
-448.372400
331.343995
538.590373
-222.134845
-595.756284
924.409491
523.641010
-1468.092172
51.079991
-159.326044
206.665584
-67.977551
386.728455
-986.380731
551.791079
1287.100474
-90.169974
-4095.963644
3108.115195
1611.260160
-232.298468
-1256.347581
812.923295
-343.293729
429.472060
-355.367069
277.349956
740.626974
-1774.785790
-436.322485
1313.273115
-1528.315380
-186.064457
80.813890
212.499832
456.454397
-409.374872
305.422247
1608.092876
148.024273
166.430929
84.577784
-1252.648489
-1293.072615
37.766964
-282.662006
1011.994338
-132.717631
-459.407968
418.106105
129.445393
-514.391391
1124.932674
837.923764
-486.011846
-171.567884
-231.405010
-1124.978036
514.381955
688.970201
-1258.055145
-142.574935
1004.101884
22.988333
32.848873
713.477075
-930.353445
649.960778
-521.820153
-1251.047931
1170.306653
55.952188
334.830249
204.942332
-21.709562
-559.171307
280.608510
-1539.103452
1377.926042
-205.812097
668.389258
-1275.024037
553.636010
316.000881
-650.533629
1318.521180
760.407818
-311.574945
-1001.658105
-296.125543
-540.827682
239.849696
186.328605
-250.777379
444.761339
457.480109
-1149.873610
420.083280
-262.248349
-102.341087
521.530103
800.138449
-741.211286
-86.583362
-88.884243
487.427138
-452.560567
683.843046
379.936039
222.293826
577.489464
-1631.039073
-146.110898
-873.526508
738.409076
-1093.353068
1301.383658
-644.525697
-19.214297
603.694408
-98.257499
811.603865
-894.031504
1279.562786
320.027882
-50.882648
634.315695
-1218.575373
-986.523377
-1079.668685
1673.534617
-611.045553
-160.698347
428.143074
97.788870
-56.399443
184.013368
-1255.186674
-1019.302195
670.854000
900.919002
940.858353
548.748693
-476.887517
1064.925925
-684.252184
-364.555449
-464.301463
-935.283604
369.453958
-440.470469
2.762363
188.730096
868.854970
-194.970966
20.186236
-340.555883
107.609438
-8.078889
330.554018
-80.955110
323.645707
-311.886423
670.018911
-308.530927
-1380.160662
1068.146626
117.769852
493.160222
-1456.769780
614.939133
-268.984309
691.535778
299.115644
445.180153
-927.234313
-393.763331
112.425296
-684.037044
-430.042754
374.013324
448.239322
988.432052
569.812640
283.184571
-824.018887
-292.382081
-506.890173
201.016443
1018.424647
-1307.476999
683.816757
-633.287132
766.520975
-1258.448055
199.609465
429.470625
77.986733
-855.590707
1645.105110
-443.457653
31.137653
518.006517
-780.471315
655.767119
-687.569192
-677.391216
819.667638
-865.449740
403.129731
-284.435456
565.521694
832.856487
52.247685
1387.676471
-1869.455561
-539.855584
774.632542
-1055.892252
-323.739988
-1649.936753
1215.867632
1168.978062
-839.858421
686.949706
658.323066
634.291837
-334.626844
-503.245390
92.528591
785.177375
-284.407803
600.509699
-701.276420
-517.333322
3.284877
-530.507075
-799.836371
-149.244679
536.155186
601.192451
1383.206753
-1857.294636
-430.245296
239.246412
1826.123287
-223.235084
821.149117
-439.068918
-879.399496
604.295518
-901.021497
-698.742462
-298.300614
185.124269
833.299489
-86.762515
560.570596
-395.668649
243.075915
-685.256239
-618.314943
2079.514998
-1052.468477
-343.765099
41.604676
180.527132
1098.165366
-1651.502031
1842.625199
-895.623198
448.261902
-892.402960
-3.859670
300.390349
-114.679805
-1530.493523
813.859413
541.143488
739.765502
-1363.794065
1356.691351
-604.092866
-551.036572
686.532217
-578.577734
1186.872009
-1750.577000
708.518607
1194.739077
-262.358896
647.690068
-690.503202
381.548921
-335.864145
-1669.028658
633.574186
-595.153832
-652.018498
1668.840449
-558.679292
249.549111
-489.900769
1921.717744
-359.723076
-600.957849
720.529802
-1286.865684
528.893226
-1068.447343
1201.972283
-613.663077
-267.773725
-201.962056
1125.839116
153.043683
-384.168940
683.046977
-1105.041333
208.617593
1096.530497
397.239602
-711.655925
-842.292914
-1546.775965
419.223494
762.586733
395.651996
-415.083139
-464.319972
-508.433994
1970.808656
575.439683
1064.759973
-1389.140670
-167.674977
-113.165756
253.167333
-59.498980
584.456716
-1131.802848
-1482.325342
-26.969731
-338.249314
286.162671
-320.514013
2137.728208
-757.612752
581.007892
465.815165
512.829763
775.319463
-987.687523
453.059274
-611.567453
322.969248
-1145.324835
-308.279798
-622.491836
25.148805
80.506512
168.053705
176.772241
-123.120256
-100.743683
-369.836415
1229.369973
464.773009
-197.433300
898.240909
-678.734803
-547.717365
682.153696
-582.279520
-756.549402
827.788144
15.995782
32.230091
709.754926
-899.061419
-187.568633
-1733.881849
339.090944
173.633019
-245.065644
1466.007588
-646.935696
775.555995
1099.935282
249.612369
-760.933605
359.114124
-1626.416689
1777.485924
-567.546043
-203.744268
-588.283866
-906.627207
-114.209611
385.330317
295.917165
139.735300
726.440536
-707.962781
599.976285
381.240235
-558.566518
105.144224
239.782677
134.938965
-861.551642
-121.960619
1580.082394
-481.950656
-1304.309554
-33.195709
1060.327977
-91.026886
1384.547371
-322.604966
-348.576416
585.215984
-2243.510569
543.726552
-670.008604
-217.005319
369.858008
-764.187423
1049.921874
505.742818
139.303781
162.451844
1595.877675
-1010.700754
-869.215290
595.855403
223.361337
-671.016028
43.532347
-1407.442728
1448.240756
-539.236297
-831.181244
600.448427
485.361044
785.398345
-1525.783804
-1068.897458
-233.052988
1973.460345
169.316256
1577.185485
-73.881137
-456.065101
9.437079
-951.141060
182.780779
-325.531242
-868.117984
499.935260
-1434.349994
533.282889
-519.105728
621.712331
622.094154
382.872209
263.875548
39.580354
-170.296602
488.160648
518.422413
-656.908136
377.204455
-1322.278100
-427.721453
542.511611
-556.486150
1136.195849
771.289796
-637.067540
490.231811
-852.195428
-322.520856
-344.345999
1485.439050
-1756.408315
453.638320
-421.544242
1159.663696
585.492448
-16.986189
-717.622350
1423.665576
-1833.502844
510.306202
-760.589595
-34.212242
-102.574084
-1155.220070
596.732016
1453.278172
-373.530632
980.598015
1190.049636
113.048324
-1763.344673
-965.721489
-131.298059
1059.229496
-1713.013893
887.780312
-533.861604
956.258928
672.956708
-848.048829
-157.403340
728.639416
273.166624
1813.887343
-489.577305
-629.920820
-495.190641
-827.884838
17.647268
-852.390712
498.094845
-733.205987
1132.370268
-916.378855
-179.462397
1440.356843
-927.326868
966.691134
1384.637728
186.981537
-1712.080742
194.749802
-272.155360
-87.015874
412.428024
-560.499407
-209.768295
-122.789223
-257.204505
690.762909
569.371680
-107.166514
107.076190
698.005296
107.660369
-358.139196
-1021.130962
-1052.714966
595.721268
-553.789699
-712.443466
542.755127
1069.778578
384.493087
405.459921
1224.239679
-821.117265
-471.302879
-255.173756
-428.587309
-246.504194
446.140534
74.707834
-447.660853
278.916572
-590.655098
196.013650
-218.971699
245.645246
375.868632
527.090639
1265.793014
-776.374007
-766.473348
-692.038689
-97.136726
1282.116500
897.181792
-1793.923028
-860.776438
1119.007287
-307.473268
-216.536562
386.208928
626.807836
-932.382280
722.621409
-447.912119
-572.354213
-1301.831271
998.415265
1618.359467
831.904003
-96.100225
-2131.268820
535.367526
-1226.599543
433.972167
938.185744
-27.049679
285.485492
963.598460
-199.219190
-231.370987
-666.230422
214.802399
-15.416504
-974.480568
513.309587
-1353.999142
-298.873468
1094.710150
-484.996236
2472.286485
-505.938731
96.582688
436.348796
134.693527
-1414.482824
-497.095844
1453.994209
-2788.396576
977.330703
1277.231013
-1131.336805
544.184694
969.191559
-669.615052
760.680673
-1138.881319
307.269823
452.916188
321.630323
813.931379
-425.946658
-1618.926372
-1479.202167
-208.862975
1273.949492
-31.009164
1363.106097
282.207225
313.382344
1983.109902
-2330.598528
-342.429328
388.796661
-1130.978619
-1234.873471
395.203815
-374.734755
599.982549
-30.313929
721.430756
768.489730
-370.479290
506.830948
-670.268697
-211.886240
682.156361
403.734229
-633.149874
314.859645
126.088806
-396.948699
-105.409147
522.213985
-854.899724
419.526100
227.853443
-859.989669
-752.919611
753.787734
-400.136884
-425.004726
-201.172893
1053.453722
215.420886
986.721084
339.227654
160.338659
-272.195144
633.997131
-845.644352
-512.587841
-1329.044355
431.025610
21.417751
-597.478634
301.669361
-397.452751
958.837173
242.009643
-28.939817
858.513504
150.350451
5.874623
-236.301919
-411.886256
-26.472375
-500.271739
429.215907
-362.193651
253.507935
-259.037043
-234.500656
291.955851
-1680.577752
1471.768903
838.030452
28.852106
-514.213142
421.330479
368.247400
-216.162008
-108.935101
-1712.484052
-90.523110
317.816129
-78.460931
914.582587
341.083866
-315.513596
450.983689
901.670165
-647.482593
-241.715390
97.092549
422.800359
-1467.167307
930.908448
-528.702436
-792.172605
-148.881127
667.490577
246.605901
95.811162
180.104714
-273.435431
-322.826674
482.735505
71.147908
501.858524
80.074859
481.197497
-481.441315
686.622312
-1531.381055
269.727719
-217.812049
-593.076708
155.006969
-615.361562
-617.418154
1345.756846
-10.131033
291.444785
677.687090
-159.160719
-348.353724
587.600944
-60.256470
-852.262140
-77.358535
1016.228532
-108.347626
-803.878184
960.241721
674.119909
-2158.466621
-45.130261
-349.702353
540.221683
1090.157832
-530.884450
1517.579756
-1098.563474
-291.985102
134.087298
-198.922299
210.712611
-817.167888
541.180409
1350.280883
-604.934131
135.087619
-411.551186
144.020186
-719.196763
222.576987
227.217991
46.503253
-525.140965
156.878585
27.667317
-822.564280
1261.825114
-106.419572
-1300.710612
-67.621319
734.698941
695.031090
-496.819760
448.701083
-377.637443
941.617817
-550.522301
1552.930233
-996.580005
-626.034661
-989.082623
854.414676
-209.090012
-402.218456
980.459574
-904.842538
44.723091
-14.370000
-57.986442
941.754190
-356.725342
92.139819
413.702779
76.717700
-516.408796
206.102863
-395.915790
691.199934
395.725346
-1156.990904
-236.261216
-972.623134
-1063.062155
1362.248414
1031.229918
-501.014404
1698.971993
-472.943723
-62.321632
-998.085517
-113.850311
1040.545498
-896.920477
119.230318
556.441259
-952.586773
1340.698343
-672.719940
167.321987
-639.784912
307.521302
868.486426
-822.426824
60.835604
206.398977
-229.088891
-91.430332
118.752738
-580.082593
-12.506267
240.315492
-420.204952
745.169773
943.393170
-925.641623
-1005.251071
-373.249679
919.764405
1560.203644
-97.113382
-745.012386
265.739324
-112.976825
370.085593
-300.061351
286.379242
-1011.553960
-348.301526
-64.861952
83.350610
-548.222774
878.211192
-172.159337
-59.696458
65.789583
14.330221
1123.233152
-804.426385
-322.131745
1001.017715
10.319362
-488.331822
626.853340
890.801788
-246.470818
-844.130125
-679.910339
-487.938209
257.563501
-483.790399
-968.729078
620.569105
-524.432212
1152.410683
1358.626757
-567.520409
6.379670
150.663986
-306.142897
1426.171287
939.474799
-1880.069907
-37.511081
-1345.312897
1309.607592
271.199224
-2658.449794
567.276400
932.419412
321.768718
-49.542047
-2550.584069
2880.285130
-213.606399
1003.882274
-1234.253464
1175.492665
-148.948730
-970.488872
1041.711894
-706.911888
1204.877690
-2825.274938
2486.863004
1960.749873
-1774.172090
46.909315
-263.883915
-1762.787479
87.953041
335.098393
-40.166764
-1114.383503
-48.936895
-650.710984
1332.431133
280.688626
967.710721
2598.471220
-1533.090708
-908.559201
-135.839615
80.033074
1108.472835
-981.455723
-1225.879744
-316.980204
636.173447
-1021.952453
944.529413
2040.557000
-1426.001204
-1354.002584
148.988270
-1459.714999
679.417388
-2768.820136
6365.712277
-724.830233
-617.516525
-1640.961088
1064.471209
-661.393776
2676.123341
-1105.952392
-1401.112149
-977.941840
-431.908376
1034.263748
925.435129
484.336929
-1778.643033
1877.982228
-53.625339
-1087.423365
-147.494537
503.943599
-443.136628
360.060910
845.145309
-2359.108307
2548.708077
-507.942352
416.183617
1065.876655
-634.945205
-976.419916
1174.443755
-2409.482084
-4028.252692
1080.741961
984.697309
1375.628360
1823.434372
8269.978935
-6846.186172
-1076.196459
1365.553500
16.036211
-1861.275021
-1294.161402
-1695.937439
-309.790625
1715.529883
-1262.856966
9195.888466
-2853.180546
-2446.293328
-10.273900
2250.869119
-2011.684039
-2756.123618
613.789842
-2470.118736
-41.658338
2996.156047
-890.375358
-346.694018
3649.164212
-2213.913043
-1930.154737
1646.713735
-1623.349770
2962.638098
4072.277730
-3750.562001
-498.336195
1939.758563
-3351.968859
911.126622
-193.646890
-60.958195
-1815.801209
-62.242347
-2453.947690
2347.984003
3542.406399
-576.754152
320.245453
200.902767
-1949.403144
-688.048633
3616.406641
-692.336494
-1836.998318
63.236799
-706.033420
236.767679
-127.672146
1510.588703
521.033951
-2906.921916
331.102586
-582.758786
-488.602450
1265.835687
8623.726423
-4312.052539
-1180.899342
-1214.685409
913.271973
-3974.266060
-1918.777503
-806.123805
669.271618
4694.463182
8727.818856
-6159.480861
-1152.191736
290.526511
-2416.298013
193.551082
-335.259945
-1409.449714
4553.159123
-3381.492535
1124.550232
-1347.076716
-1321.325170
-2061.503510
3913.867908
-1999.736249
1559.870874
-2855.423125
2527.465552
-3870.720223
5019.237225
4879.523111
-1094.352257
-1877.679298
-1502.717933
-2437.359254
4585.047691
3387.346116
-4294.882783
-4885.377650
1054.910288
-2662.333146
3147.517238
4655.856602
-10329.244078
959.447716
3703.027385
2815.281043
8295.585889
-4465.619770
-5149.407939
8326.897104
1589.076305
-7889.220146
-93.501695
-6488.583815
6375.577619
3399.260484
-8951.168417
679.907561
1755.356273
-799.525894
-3352.927802
3570.126749
-1302.943241
15948.542356
-6250.403269
-3378.880789
-4095.896272
1648.857958
-782.861896
581.471134
974.299619
5052.503118
608.038486
-7213.907505
-517.859159
-2262.883628
3793.198679
-5114.175764
653.654447
6063.580158
8896.191575
-15238.840867
-2402.278591
20080.220222
-6348.645636
-15214.355381
8844.033952
5949.998645
-2127.076622
-14699.710764
9556.319703
10883.942409
-2211.363410
-3855.683901
146426.713067
